[  0.91670644,  1.2928421 ,  1.9087433 ,  1.1159601 ,  1.7789305 ,
   1.7221674 ,  0.83700794, -9.918991  ,  1.854804  ,  2.226771  ,
   1.789672  ,  1.4310769 ,  1.8736923 ,  2.274348  ,  1.2923646 ,
  -2.5256066 ,  1.3730203 ,  1.3130903 ,-12.024173  ,-24.574444  ,
   0.94303906,  1.8357589 ,  1.7126547 ,  1.1971763 , -0.24446687,
  -1.1429089 , -5.682205  ,-10.000025  ,  1.506055  , -1.730763  ,
   2.058712  ,  1.4585779 ,  1.991489  , -6.3757634 ,  0.51421505,
  -2.2920182 ,  1.7104923 , -6.5596275 ,  1.8940862 ,  2.5715506 ,
   1.2995685 ,  2.2005987 ,  1.9934493 ,  1.9542935 ,-14.437145  ,
   0.97725874,-17.165678  ,  1.5884702 ,  1.251892  , -3.4927094 ,
   0.69574773,  0.9961338 , -0.9751303 ,-14.932637  ,  0.8000133 ,
   1.776979  ,  1.3678026 ,  2.1789277 ,-16.472666  , -4.1999927 ,
  -0.34712648,  1.5347543 ,  2.503487  ,-11.875553  ,-14.21506   ,
 -16.431244  ,  1.5302407 , -2.3177974 ,  1.7194265 , -7.759883  ,
   1.4158696 ,  2.0193048 , -0.984524  ,  1.2271892 ,  1.7862165 ,
   1.4385217 ,  1.8212276 ,  1.6007191 ,  1.3604848 , -2.0564592 ,
  -2.231242  , -2.5554378 ,  1.2199849 ,  1.1030648 ,  1.0283964 ,
  -4.3729863 ,  1.6821519 ,  1.2626241 ,  2.3044422 , -7.1737247 ,
  -1.8648603 ,  1.3591069 ,  1.6534071 , -4.0595512 , -5.0716424 ,
   2.0028815 ,-14.593281  ,  2.1344936 ,  1.8241467 ,  1.4976478 ,
  -3.807331  ,  0.9534384 ,  1.4153446 ,  1.8721151 ,  1.3309795 ,
   1.6341188 , -7.356688  , -1.6755869 ,  1.7455206 ,  1.6109926 ,
   2.9697475 ,  1.5453812 , -2.008708  , -1.3252021 ,  1.8404781 ,
   1.6973232 ,  0.43840313,  1.8409269 , -1.0857054 ,  2.6263878 ,
   1.3658932 ,  0.6074171 ,-10.929653  ,  1.4302155 ,-16.0294    ,
   0.7138327 , -0.24585986,  0.21238798]
