[[-1.58551663e-01,-6.30074263e-01, 6.35576174e-02, 7.31726170e-01,
  -1.13662489e-01, 2.99096227e-01,-3.24743599e-01,-1.90206543e-01,
   6.11629896e-02,-5.92784286e-01,-2.96600044e-01, 9.36121881e-01,
   9.24274996e-02, 2.84666896e-01,-9.55783054e-02,-9.04976483e-03,
  -1.17458060e-01, 3.01642776e-01, 5.62733531e-01, 6.65385246e-01,
  -4.46017347e-02, 3.07526916e-01,-4.16410863e-01,-5.24235368e-01,
  -4.93147939e-01, 9.09006894e-02,-5.97604401e-02,-6.62443101e-01,
   1.35092497e-01,-8.87543559e-02,-1.94999173e-01, 3.05357933e-01],
 [-7.25159287e-01,-7.04436541e-01,-4.03344721e-01, 4.45886934e-03,
  -4.62899059e-01,-3.59605014e-01,-1.09718263e+00,-3.35829914e-01,
  -1.80720001e-01,-9.17936027e-01,-8.52120161e-01,-6.33707702e-01,
  -6.01416469e-01,-4.12009358e-01,-8.75436068e-01,-8.36955190e-01,
  -7.87140369e-01,-6.53475583e-01,-7.69057035e-01,-8.69350374e-01,
  -4.59835321e-01,-1.73660547e-01,-6.73959076e-01,-3.43322784e-01,
  -6.03266776e-01,-7.97415301e-02,-1.45512372e-01, 2.73704063e-03,
  -3.83164138e-01,-6.72876537e-01,-2.40987703e-01,-4.60309386e-02],
 [ 1.12599529e-01,-1.06685057e-01,-2.19904687e-02, 8.29412490e-02,
  -1.46541610e-01, 2.34899014e-01, 1.43309329e-02, 9.37592685e-02,
   4.82907221e-02, 4.88028601e-02, 1.21008838e-02,-2.51925904e-02,
  -3.22936885e-02,-1.06847119e-02,-1.66044629e-03, 2.06762534e-02,
   8.77563804e-02, 1.89686418e-01, 2.01212205e-02,-1.92210972e-02,
  -3.95614915e-02,-3.51325631e+00, 1.19382609e-02, 9.63555947e-02,
  -7.16783199e-03,-1.22088514e-01, 3.91793326e-02, 1.89197451e-01,
   1.32340297e-01,-9.17019174e-02, 7.38756657e-02,-6.58897534e-02],
 [ 3.20336074e-01, 5.42662501e-01, 2.13444252e-02, 4.29541141e-01,
  -6.07760213e-02,-4.56150323e-01, 9.63328481e-01, 5.42927861e-01,
   7.52686858e-02,-7.95366943e-01, 2.55410820e-01, 5.26068926e-01,
  -1.64639100e-01, 1.85191166e-02,-1.30625948e-01,-2.61827439e-01,
  -1.30081326e-01,-3.46541375e-01,-9.04071629e-02,-1.00551188e+00,
  -8.90005901e-02, 1.47132412e-01,-2.60026574e-01, 5.06180674e-02,
  -3.48797768e-01,-2.23154157e-01, 2.62493584e-02,-3.94406229e-01,
  -1.65223941e-01, 2.92460203e-01, 5.21016344e-02,-1.00954957e-02],
 [ 6.39166296e-01, 2.31569827e-01, 4.46156487e-02, 7.62926638e-02,
  -5.86214401e-02,-1.16381533e-01, 2.79432654e-01,-8.74460399e-01,
   1.93753719e-01,-2.09921166e-01,-8.17554295e-02, 1.44311398e-01,
   3.29985261e-01, 1.87606826e-01,-1.45828620e-01,-1.97478700e-02,
  -7.90139258e-01,-2.57595390e-01,-4.44611162e-01,-4.70751554e-01,
   5.26801459e-02, 1.37004316e-01,-4.16259021e-02,-1.60742536e-01,
   1.68099225e-01, 3.86815280e-01, 1.90924783e-03,-9.77422372e-02,
   3.46682370e-01,-4.93044049e-01, 4.28161234e-01, 3.42419654e-01],
 [-2.93409135e-02, 1.49898585e-02, 1.82319388e-01,-5.97874122e-03,
  -7.95961395e-02, 1.66066483e-01,-1.40912190e-01, 2.00218096e-01,
  -2.16758586e-02, 1.54213011e-01,-1.00161202e-01,-1.77019835e-01,
   1.65961720e-02, 4.52963471e-01,-1.52870834e-01,-2.73055267e-02,
  -1.80227506e+00, 1.73232868e-01, 3.07340831e-01, 4.60010953e-02,
   1.28145561e-01, 1.77559271e-01,-4.81490791e-02, 1.37905061e-01,
   5.97748935e-01,-2.39579841e-01,-2.44470499e-02, 1.46481872e-01,
  -1.64227143e-01, 1.22054741e-01,-4.07422304e-01,-1.40069172e-01],
 [ 1.28892735e-01, 9.80818421e-02,-5.06004319e-02, 1.91683962e-03,
   1.54944770e-02, 7.53772557e-02,-2.46598031e-02, 1.12839833e-01,
  -2.46958065e+00,-6.04778156e-02,-1.34314865e-01, 1.10633440e-01,
   2.15630084e-02, 1.06843516e-01,-2.64166649e-02, 3.38847563e-02,
   1.99537322e-01, 3.08804419e-02, 1.33211270e-01,-6.37747231e-04,
   7.71441609e-02, 8.10233578e-02, 6.28122836e-02, 7.24034458e-02,
   1.11410655e-02,-1.78398505e-01,-3.28911468e-02,-2.10359674e-02,
   3.47354680e-01,-9.15962458e-02, 3.30894440e-02,-1.90692749e-02],
 [-1.40022663e-02, 7.99519792e-02,-1.20884031e-01,-2.75639474e-01,
  -1.15997322e-01,-7.70137906e-02,-2.02039391e-01,-2.43079633e-01,
   1.11384058e+00,-1.46943435e-01,-1.08751707e-01,-3.43686827e-02,
  -5.12793101e-02, 2.24243805e-01,-1.31679609e-01,-1.87562138e-01,
  -4.81394073e-03,-2.07642227e-01,-1.06622770e-01,-1.06545322e-01,
   3.57779860e-02, 1.94879159e-01,-6.69379309e-02,-8.55580345e-02,
  -7.72011355e-02,-1.34715930e-01,-1.69070456e-02,-3.83001901e-02,
  -1.18728682e-01,-8.26898813e-02, 6.89931680e-03,-4.21790630e-01],
 [ 8.58691037e-02, 1.70948252e-01,-3.30216289e-02, 1.07173994e-01,
  -3.93035673e-02, 2.81182140e-01, 7.70142600e-02, 4.06290926e-02,
   7.83422217e-02,-4.80495952e-02, 1.79470461e-02, 2.03128234e-02,
   4.51382063e-03, 2.19306126e-02,-2.40235273e-02, 3.17739397e-02,
  -5.89445187e-03, 1.67315811e-01, 2.99847405e-02,-5.30455112e-02,
  -2.15611042e-04, 2.07556710e-01, 7.95154497e-02, 6.22510165e-03,
  -4.28450927e-02,-1.40457824e-01,-3.78234363e+00,-4.18972857e-02,
   1.07825756e-01,-2.24725697e-02, 7.91529566e-02,-2.42918031e-03],
 [-5.78150190e-02, 6.35271296e-02,-3.35872807e-02,-1.19984768e-01,
   1.99246144e+00,-8.13793465e-02,-5.71509749e-02,-1.53754264e-01,
   5.94611987e-02,-5.83379678e-02,-9.15148556e-02,-1.07242368e-01,
  -5.30771278e-02,-1.79426540e-02,-6.03746921e-02,-1.66940063e-01,
  -2.23698705e-01,-8.56451169e-02,-1.66662354e-02,-2.21189678e-01,
  -6.35346472e-02, 1.15725592e-01, 9.46846046e-03,-2.30855107e-01,
  -7.39278644e-02,-5.50512820e-02,-4.57498729e-02,-2.91959316e-01,
  -7.97947198e-02,-2.79625356e-02,-5.69840521e-02,-3.62666957e-02],
 [-6.97472766e-02, 1.03110659e+00,-3.42820399e-02, 1.23780429e+00,
  -2.21755002e-02, 1.31115985e+00,-8.77772050e-04,-1.46535918e-01,
   4.90367152e-02,-1.95335358e-01,-8.51071253e-02,-5.91913760e-01,
  -1.59450755e-01, 1.72263887e-02,-2.68902570e-01,-2.43612126e-01,
  -1.44176438e-01,-4.57963645e-01,-1.31431937e-01,-2.46901155e-01,
  -7.25325122e-02, 2.08031490e-01,-1.24107003e-02,-5.84011912e-01,
  -1.92022771e-01,-1.10035419e-01, 2.69769952e-02, 2.25045457e-01,
  -7.58879483e-02,-1.11712396e-01,-7.68032148e-02,-4.50118370e-02],
 [ 2.40591511e-01, 6.43431246e-01,-6.83248863e-02, 6.22398138e-01,
  -2.36095488e-02,-7.87517726e-01,-6.84184611e-01,-6.85834736e-02,
   7.76655972e-02,-3.27448756e-01,-9.64734703e-02,-1.30287319e-01,
  -1.73396111e-01,-9.45534408e-02,-1.48203850e-01,-1.64512187e-01,
  -5.96695617e-02, 2.09017709e-01, 7.05122277e-02, 5.38034618e-01,
  -8.36743787e-02, 1.47333279e-01, 7.30358243e-01,-1.83568075e-01,
   7.54021183e-02,-1.19591109e-01,-6.04677200e-02,-1.60580307e-01,
  -1.91060394e-01,-1.36254698e-01, 4.77834828e-02, 8.82038176e-02],
 [-5.75194478e-01,-1.84604779e-01,-3.24647762e-02, 8.22408646e-02,
   9.21343826e-03, 6.21869862e-02,-3.70980382e-01, 2.85936594e-01,
   3.54990549e-02, 3.90516222e-02,-1.41243562e-01,-2.11832020e-02,
  -2.06891119e-01,-9.57354754e-02,-1.04901381e-01,-3.19298357e-02,
   3.97178531e-01, 4.27722223e-02, 1.61431476e-01,-1.21494278e-01,
  -2.66800988e-02, 1.36355773e-01, 7.37881940e-03,-8.85410607e-02,
  -5.52774906e-01,-2.82314748e-01,-4.52424698e-02,-6.83597028e-02,
  -2.32903302e-01,-1.59121454e-01, 1.34162366e+00,-2.28270084e-01],
 [ 1.15896560e-01, 3.94906327e-02,-1.01489179e-01,-8.61675814e-02,
  -3.18808369e-02, 9.84199569e-02, 2.97416304e-03, 1.42115474e-01,
   7.85556734e-02,-8.92510172e-03,-1.22288764e-01, 6.94971532e-02,
   4.06403355e-02, 1.09566338e-01,-5.47014214e-02,-3.79404016e-02,
   6.25613853e-02, 4.32506278e-02, 1.89493403e-01,-5.05460501e-02,
  -3.87155008e+00, 1.23802751e-01, 7.99757168e-02, 7.55263790e-02,
   3.18627022e-02,-1.63012847e-01, 1.00378385e-02, 1.90881286e-02,
   2.40751863e-01,-1.16941206e-01, 2.83563361e-02, 4.95722964e-02],
 [ 2.64726609e-01, 6.29988387e-02, 8.30415785e-02,-6.24695905e-02,
  -2.31879167e-02, 1.06096961e-01,-8.20735693e-02, 7.45364949e-02,
   2.58155107e-01, 6.94483072e-02,-9.46340561e-02,-6.68007880e-02,
  -2.59124309e-01,-1.54283428e+00,-5.06627075e-02,-3.06948442e-02,
   7.12055936e-02, 6.60116076e-02, 2.93514639e-01,-5.84415719e-02,
  -3.16756479e-02, 1.16338640e-01, 4.04746756e-02, 5.66037521e-02,
  -5.35701275e-01,-9.46980119e-02,-4.17345427e-02, 6.88588992e-02,
   5.77678680e-01,-6.08948208e-02,-4.36737612e-02, 5.43766208e-02],
 [-6.18043244e-01, 3.34736593e-02, 4.09749523e-02,-2.04500630e-01,
  -7.44669288e-02, 1.30553450e-02,-1.23838477e-01, 3.41779381e-01,
   1.35143429e-01, 2.21483901e-01, 5.39291576e-02,-9.62812081e-02,
  -1.27197191e-01,-5.00536487e-02,-1.13741934e-01,-4.57733423e-02,
  -1.25103518e-01,-1.06451511e-01,-5.11476994e-01,-2.73120403e-01,
  -6.90196007e-02, 1.07967921e-01, 4.02578115e-02,-4.77266163e-02,
   8.09822083e-02,-3.12130421e-01,-3.33933271e-02, 2.97312345e-02,
  -1.91944718e-01,-1.45484954e-01,-1.34839624e-01, 1.33624697e+00],
 [-2.88564675e-02,-1.63344041e-01, 9.72779933e-03, 1.04841232e-01,
  -2.00687647e-01,-1.55553073e-01,-1.23020910e-01,-5.78983165e-02,
   5.12681194e-02,-7.24338517e-02,-4.61530648e-02,-2.66900629e-01,
  -1.57034900e-02, 5.63852605e-04,-1.59917504e-01,-8.36485326e-02,
  -9.58452299e-02,-5.19719362e-01, 5.06783500e-02,-4.52098064e-02,
  -7.82559887e-02,-2.60448270e-02, 3.68873365e-02, 1.50987402e-01,
  -1.31772548e-01,-8.18016902e-02, 1.25581038e+00,-2.16154810e-02,
   5.34400716e-02,-3.30106020e-02,-1.91468745e-03,-4.17868011e-02],
 [-5.60272671e-02,-6.72719628e-02,-9.66421813e-02, 4.58554953e-01,
  -8.22188258e-02,-2.61114627e-01,-1.46142229e-01,-1.71586290e-01,
   3.62411961e-02,-7.97647536e-02,-1.30423278e-01, 1.56255198e+00,
  -1.58926263e-01,-1.25987411e-01,-1.75314888e-01,-1.87692195e-01,
  -8.07757452e-02,-2.31533423e-01,-1.97033390e-01,-2.80812830e-01,
  -1.01600513e-01, 2.17739180e-01,-1.68263048e-01,-1.95229590e-01,
  -8.68746564e-02,-1.19752057e-01, 8.63363817e-02, 1.54575956e+00,
  -2.26040661e-01,-1.17404193e-01,-7.49548227e-02,-1.79825172e-01],
 [-6.57355189e-02,-1.60517767e-01,-3.71349491e-02, 1.90615095e-02,
  -2.04526231e-01, 4.44798946e-01,-1.05029844e-01,-3.41408581e-01,
   2.24819072e-02,-9.58435610e-03,-8.52318034e-02, 9.28132653e-01,
  -1.52567834e-01, 1.03031613e-01,-2.37248629e-01,-2.34423414e-01,
  -3.21255863e-01,-2.65880376e-01,-3.04433525e-01,-3.10851872e-01,
  -1.19903713e-01, 8.89993310e-02, 8.91865134e-01, 1.73421466e+00,
  -3.52702230e-01,-1.02079302e-01,-2.29803007e-02,-4.47445482e-01,
  -1.31598204e-01,-9.11610723e-02,-1.71833605e-01,-1.44305408e-01],
 [-9.61949453e-02, 2.98671007e-01,-3.77814360e-02,-1.53686833e-02,
  -1.57338053e-01,-3.15259933e-01, 1.13369048e+00,-3.48357379e-01,
   5.06450646e-02, 6.13272786e-01,-1.20859608e-01, 2.01091155e-01,
  -1.63360626e-01,-6.28465787e-02,-1.78181633e-01,-2.87547469e-01,
  -2.57876247e-01,-2.98962981e-01,-3.34510386e-01, 1.25205278e+00,
  -1.13605939e-01, 1.54427990e-01,-3.50914508e-01,-1.82943344e-01,
  -2.95358360e-01,-1.38003036e-01,-2.07179729e-02,-2.03077644e-01,
  -3.31981748e-01,-1.46938115e-01,-1.26853928e-01,-2.08991006e-01],
 [-2.01259375e-01,-1.26426041e-01,-4.77909967e-02,-1.17306769e-01,
  -6.80940822e-02, 6.59741238e-02,-3.61448795e-01,-7.49623716e-01,
   9.29270610e-02, 2.04701886e-01,-1.48490071e-01,-1.44568205e-01,
  -9.79157463e-02,-1.61172703e-01,-6.60635084e-02,-1.26506522e-01,
   1.20807670e-01,-9.82841384e-03,-3.98938894e-01,-6.57916628e-03,
   1.75913703e-02, 1.32966056e-01, 6.73620552e-02,-1.58277556e-01,
  -1.52844518e-01, 6.00480549e-02,-1.02323428e-01,-2.95272842e-03,
   1.08581416e-01, 1.36607826e+00, 3.19627404e-01,-6.85394881e-03],
 [-4.96000499e-01, 2.63192412e-02,-5.52108288e-02, 4.87262048e-02,
  -1.04749598e-01, 1.12683941e-02, 1.05035856e-01,-6.85198128e-01,
   5.47211692e-02,-1.07288890e-01, 1.29286909e+00,-7.58387819e-02,
   4.44255099e-02,-1.60437360e-01,-1.09270915e-01,-1.77514002e-01,
  -1.63730741e-01,-2.18934007e-02, 5.13064981e-01,-3.00381690e-01,
   3.27725187e-02, 1.10944383e-01, 1.46499956e-02, 5.14201298e-02,
  -8.50950647e-03, 2.15233564e-01,-8.77261609e-02, 1.79374944e-02,
  -3.29591215e-01,-7.98501447e-02,-1.10598370e-01,-5.74704744e-02],
 [-6.04216382e-03, 1.33456916e-01, 1.42931783e+00, 5.09004928e-02,
  -6.79323226e-02,-1.02461658e-01,-1.90082461e-01,-1.85109496e-01,
   6.15302064e-02,-6.69743717e-02,-1.31862685e-01, 6.22825548e-02,
  -1.16350681e-01, 7.73649067e-02,-1.02881365e-01,-1.36415005e-01,
  -4.11069244e-02,-1.35327443e-01,-1.63855061e-01,-1.51229665e-01,
   2.27203202e-02, 9.29143205e-02,-1.55068114e-01,-1.12262191e-02,
  -7.65101686e-02,-9.66430902e-02,-5.30190095e-02,-1.27207875e-01,
  -1.17174231e-01,-7.56435916e-02,-5.86419553e-02,-2.87533313e-01],
 [ 7.83346474e-01,-2.12676555e-01,-1.46467850e-01,-2.33890072e-01,
  -8.08882266e-02,-1.74787152e-03,-6.12506457e-02,-2.44114339e-01,
   8.69110003e-02, 3.88466567e-01,-1.71687692e-01,-4.81179625e-01,
  -1.46095991e-01, 5.72407901e-01,-1.31634995e-01,-1.00750744e-01,
   1.52216945e-03, 5.52155264e-03, 5.20751536e-01,-4.60108101e-01,
   2.98650786e-02, 8.50501060e-02, 2.61957139e-01,-1.04662225e-01,
  -8.84372056e-01,-2.68723425e-02,-4.26312461e-02, 2.52579510e-01,
  -3.65231782e-01,-4.34000455e-02,-8.74354765e-02,-1.52876670e-03],
 [-5.50213680e-02, 6.24412596e-01,-7.53840655e-02,-1.00253391e+00,
  -1.79655880e-01, 5.17268360e-01, 3.14704895e-01,-2.77744055e-01,
   7.94491097e-02,-2.41666004e-01,-1.89534262e-01, 5.30093849e-01,
  -2.40136325e-01,-1.51585594e-01,-1.98355578e-02,-1.37167722e-01,
  -7.07518980e-02, 2.03773165e+00,-2.09894031e-01,-5.12648165e-01,
  -7.74942338e-02, 1.18422307e-01, 1.84388995e-01,-5.11171520e-01,
  -7.69312978e-02,-1.06914550e-01, 2.94860989e-01,-2.51134604e-01,
  -3.25555086e-01,-1.65419713e-01,-5.25348298e-02,-1.32816017e-01],
 [ 7.87042797e-01,-1.69887722e-01,-3.65894451e-03,-8.71343911e-01,
  -3.26853126e-01, 6.47875547e-01,-8.47114921e-01, 3.68856966e-01,
   4.25989926e-02, 1.20882817e-01, 6.63378417e-01, 6.60465658e-01,
  -2.78588474e-01, 1.93603218e-01,-6.97310343e-02, 6.80558458e-02,
  -2.82998860e-01,-2.27199689e-01,-6.46043718e-01, 7.20284402e-01,
  -1.60734400e-01, 4.38243411e-02, 1.13634504e-01,-8.05485964e-01,
  -2.27892995e-01,-2.80403465e-01, 1.70191750e-02,-5.48372030e-01,
  -4.70010983e-03,-2.68125092e-03, 7.73524269e-02,-1.08968407e-01],
 [ 8.06103088e-03, 7.80504867e-02,-5.11944741e-02,-1.02889583e-01,
  -8.39457884e-02,-3.19306776e-02,-1.05448008e-01,-1.35641158e-01,
   4.79528904e-02,-2.65119463e-01,-5.38998768e-02,-9.19849053e-02,
  -9.07839835e-02, 4.63352390e-02, 1.96088183e+00,-1.34621307e-01,
  -2.17745796e-01,-2.22663566e-01,-9.16380659e-02,-1.77138060e-01,
  -6.96068108e-02, 9.60779414e-02,-5.64259589e-02,-1.21748321e-01,
  -1.51303053e-01,-7.22394064e-02,-6.73852712e-02,-1.36558920e-01,
  -9.65658128e-02,-8.73232335e-02,-5.65365180e-02,-6.71092421e-02],
 [-4.47975807e-02, 1.15576267e-01,-7.96149671e-02, 9.01084840e-02,
  -7.75698125e-02,-9.06572863e-02,-1.01051070e-01,-1.59244508e-01,
   6.40423298e-02,-1.46962672e-01,-1.42010406e-01, 5.32913394e-02,
  -8.31733942e-02, 2.39281822e-03,-1.06348090e-01, 2.76131773e+00,
  -2.33396292e-01,-2.60129601e-01,-1.08681709e-01,-2.86997318e-01,
  -5.02501428e-02, 1.38365313e-01,-9.90657061e-02,-2.21561536e-01,
  -1.09636128e-01,-1.07709154e-01,-6.60339072e-02,-1.41602635e-01,
  -1.54262111e-01,-1.33048549e-01,-1.00952521e-01,-1.27997160e-01],
 [-3.48180592e-01,-7.61205107e-02,-5.46662509e-02,-1.19662732e-01,
  -9.37332138e-02, 3.60509101e-03,-3.33138466e-01, 8.74251187e-01,
   1.01629578e-01, 2.62181424e-02,-1.61015525e-01,-1.97221488e-01,
  -2.59871215e-01,-7.89888650e-02,-1.17958531e-01,-1.02227114e-01,
  -9.73260328e-02,-1.06983125e-01,-4.31670845e-01,-2.31540710e-01,
  -1.73479691e-01, 1.01699837e-01, 5.17989770e-02,-1.02263957e-01,
  -1.98439464e-01, 1.45365644e+00,-1.12040713e-01,-1.78929996e-02,
  -2.53182441e-01,-1.34673461e-01,-1.85699895e-01,-2.93466151e-01],
 [-5.38045913e-02,-4.60650325e-02,-7.10907727e-02, 1.68979317e-01,
  -2.87844017e-02,-7.35501498e-02,-2.41569743e-01, 3.75764191e-01,
  -7.15044513e-03,-9.09566134e-02,-1.22223638e-01,-1.76524222e-01,
   1.73880374e+00,-3.53941292e-01,-9.50565189e-02,-5.33239208e-02,
  -2.79845864e-01, 1.73820511e-01,-4.80668008e-01,-4.14992459e-02,
   8.90568078e-01, 8.68484527e-02, 1.73523054e-01,-1.09907366e-01,
  -6.49020374e-01,-3.19140911e-01,-5.19888587e-02, 2.15213262e-02,
  -3.66481751e-01,-8.33082795e-02,-1.32592723e-01,-3.19124937e-01],
 [ 9.30504873e-02, 5.50067499e-02,-2.15121317e+00,-1.29650719e-02,
  -1.15600349e-02, 7.86276013e-02,-4.42689955e-02, 6.89389557e-02,
   7.38927498e-02, 1.63459196e-03,-9.17789862e-02, 8.36851224e-02,
  -1.96624994e-02, 1.31971195e-01,-5.59997074e-02,-5.09114712e-02,
   1.75022837e-02, 4.91436236e-02, 1.30300567e-01,-2.76047327e-02,
   1.11699263e-02, 1.14802502e-01, 8.61553177e-02, 2.81403176e-02,
   9.19855665e-03,-1.60989985e-01, 2.80675106e-03, 6.01840811e-03,
   2.91177243e-01,-5.50036691e-02, 3.68051156e-02, 4.11640629e-02],
 [-5.73609173e-01, 1.89031273e-01,-9.58994478e-02, 2.14344800e-01,
   1.04676727e-02, 3.85421664e-02, 2.79801544e-02, 8.91450942e-02,
   3.11219357e-02,-7.36191809e-01, 7.70785064e-02, 4.26315576e-01,
   1.28455982e-01,-3.98227960e-01,-6.89558079e-03,-1.88983642e-02,
  -5.64255975e-02,-7.06802160e-02,-4.04225439e-01, 4.06277478e-01,
  -3.87046970e-02, 1.55663237e-01,-1.41540736e-01, 6.97605237e-02,
   6.54538870e-01,-1.69941381e-01, 8.87033436e-03,-2.51040995e-01,
   5.94454467e-01,-1.18000925e-01, 1.33631662e-01,-5.71390569e-01],
 [ 1.03147678e-01, 3.12701762e-01,-1.52392462e-01, 9.38239455e-01,
  -5.53671084e-02,-4.83644813e-01,-6.98503613e-01,-5.43970354e-02,
   4.46522720e-02, 6.44433320e-01, 4.55444045e-02,-8.77911448e-02,
  -1.31903678e-01, 1.43005773e-01,-1.13259181e-01,-2.49240160e-01,
   1.08148973e-03, 4.59367871e-01,-1.43462911e-01,-3.83160830e-01,
  -1.56867527e-03, 2.50180513e-01,-1.07910299e+00, 5.99962652e-01,
  -1.01990566e-01,-1.77145153e-01,-6.52804375e-02,-2.78821021e-01,
   2.57195741e-01,-1.27411187e-01,-6.27631173e-02,-1.16617829e-01],
 [-2.89777726e-01,-6.88099623e-01, 5.19870780e-02, 7.87604094e-01,
   1.56213716e-02,-2.86578298e-01, 4.46905166e-01,-3.20325755e-02,
   1.63256675e-02,-4.11575615e-01, 1.86318561e-01,-9.85612750e-01,
  -2.94361830e-01, 7.13168859e-01,-2.21508607e-01,-5.29473610e-02,
  -3.08916152e-01, 4.93535131e-01,-3.58233809e-01,-5.63344359e-02,
  -1.00704066e-01, 8.18773806e-02, 6.66396141e-01,-1.16008550e-01,
  -6.56226695e-01,-1.89070493e-01,-9.10167992e-02, 3.89935404e-01,
   8.68235826e-01,-8.24609399e-02,-2.02596009e-01,-1.06253169e-01],
 [ 2.68849730e-02, 8.32979083e-01,-9.34449607e-04,-1.07481730e+00,
   1.15820445e-01,-4.77695391e-02,-3.76943022e-01,-9.13763568e-02,
   1.33664347e-02,-9.16526973e-01, 9.59167164e-03,-4.55796629e-01,
  -2.29663532e-02, 3.10622126e-01,-2.49374434e-01,-3.16016749e-02,
  -2.38951698e-01, 8.75088945e-02, 6.35718703e-02, 7.60195196e-01,
  -5.58452271e-02, 1.08634256e-01,-8.32830846e-01, 7.53995419e-01,
  -5.03341973e-01,-3.55495252e-02,-9.44337994e-02, 4.33978230e-01,
   6.60385564e-02,-2.99318433e-02, 2.65571643e-02, 1.62164301e-01],
 [ 1.58464797e-02,-9.89913821e-01,-3.86982635e-02, 9.04948592e-01,
  -1.65095627e-01, 1.08686738e-01, 3.43154818e-01,-3.07865441e-02,
   8.08588117e-02, 7.35513926e-01,-1.41197115e-01, 4.69840556e-01,
  -9.12575703e-03,-3.03580433e-01,-1.53009534e-01,-4.77852792e-01,
   1.12335458e-01,-8.17658678e-02, 7.72999600e-02,-1.00056732e+00,
  -1.89592410e-02, 3.55039090e-02, 8.56304407e-01,-9.13125098e-01,
   4.26827312e-01,-2.71371394e-01,-6.92464923e-03,-5.25392592e-01,
   5.86594678e-02,-1.19085811e-01, 1.54277328e-02,-2.16261372e-01],
 [ 6.35281622e-01,-1.21384156e+00,-7.71883950e-02, 6.17534459e-01,
   1.99140683e-01, 2.67866403e-01, 1.26762077e-01,-6.80956468e-02,
   1.28089622e-01,-7.26287544e-01, 3.16886939e-02,-9.38029170e-01,
  -2.36269176e-01,-5.49724519e-01,-1.12450145e-01,-1.67980418e-01,
   1.16236925e-01, 5.60497224e-01,-3.54944587e-01, 4.58408982e-01,
  -1.84115171e-01, 1.59158722e-01,-4.46333528e-01, 5.40433288e-01,
   3.93316925e-01,-1.81060731e-01,-9.94538888e-02, 2.71674812e-01,
  -6.68609321e-01,-9.19740051e-02, 2.03607216e-01, 8.36637840e-02],
 [-4.76142526e-01, 2.03506857e-01, 1.69712794e-03, 2.46183038e-01,
   8.33990707e-05,-3.18136841e-01, 4.56847608e-01,-3.70835066e-01,
   6.64029121e-02,-1.92879170e-01,-8.34622920e-01,-4.84659314e-01,
   7.09376708e-02,-1.69605479e-01,-8.17635506e-02,-1.06430747e-01,
   8.50777850e-02, 4.25953157e-02, 5.69477379e-01,-6.22142613e-01,
   1.20092019e-01, 1.01528332e-01, 8.91697360e-04, 4.28640544e-01,
   1.27906531e-01,-3.20437513e-02,-1.05439775e-01, 1.69544473e-01,
   1.58381015e-02,-1.05177045e-01, 1.31085271e-03, 6.98195174e-02],
 [-2.91522890e-02,-3.07304591e-01, 1.47112489e-01,-1.34429657e+00,
  -1.01347305e-01, 4.29460168e-01, 6.47185981e-01,-7.03164339e-02,
   4.49600592e-02,-9.14313614e-01,-2.64893055e-01,-2.22662296e-02,
   1.60550233e-02,-1.46237999e-01,-8.53763968e-02, 9.98975188e-02,
  -4.45056260e-02,-8.58810961e-01, 3.15703601e-01, 3.03132772e-01,
  -4.82537262e-02,-9.98286009e-02, 9.34867024e-01,-5.93823135e-01,
  -3.18994634e-02,-4.50891107e-02,-1.01653606e-01, 2.64699966e-01,
  -2.85389513e-01,-2.00789683e-02, 9.91475284e-02, 1.05166711e-01],
 [ 3.30134958e-01, 5.58705628e-01,-9.32175517e-02,-6.80114746e-01,
  -1.56182304e-01, 2.23900989e-01,-5.41512370e-01,-9.04797539e-02,
   1.13523424e-01, 1.75492153e-01,-3.50898474e-01, 5.74991524e-01,
   1.85140714e-01,-6.11757517e-01,-9.13467109e-02,-9.61183831e-02,
   1.63811967e-01,-7.69099653e-01, 4.36509550e-01,-9.29967314e-02,
   4.62340675e-02, 7.45810792e-02,-5.73525906e-01, 7.67087489e-02,
   4.81025517e-01,-3.80877070e-02,-6.31345958e-02,-3.60074401e-01,
  -6.81023061e-01,-2.24947799e-02, 1.86817035e-01,-5.36319218e-04],
 [ 3.24704498e-02,-2.29290187e-01,-4.01884876e-02,-2.58914471e-01,
  -1.05870463e-01, 5.62181771e-01, 1.70044065e-01, 3.10756285e-02,
   5.19791842e-02, 7.35880658e-02,-5.89658208e-02, 2.34184280e-01,
   5.62240370e-02, 7.01426789e-02,-1.20501697e-01,-9.53286067e-02,
   6.33261651e-02,-5.98142901e-03, 9.67621431e-02,-4.37390864e-01,
   6.90215528e-02,-7.04061627e-01,-3.17392707e+00, 2.44923115e-01,
  -7.18329772e-02,-1.32433757e-01,-2.68928092e-02,-1.09139911e-03,
   2.13505030e-01,-8.78660604e-02, 2.17359737e-02,-1.01472758e-01],
 [-2.91163057e-01, 7.22289562e-01, 1.42876734e-03,-5.97428799e-01,
  -2.69653976e-01,-6.29177019e-02,-1.27587110e-01,-4.25351188e-02,
   4.24386561e-02, 2.53316373e-01,-2.28177175e-01, 5.44138432e-01,
   4.51774225e-02, 3.31636608e-01,-1.32501900e-01,-3.24690461e-01,
  -4.79212068e-02,-5.08936524e-01, 3.57434869e-01,-3.69669795e-01,
   1.07597306e-01,-4.98365936e+01, 3.36958349e-01,-4.25951540e-01,
  -2.67345458e-01,-1.21757023e-01, 6.58712462e-02,-2.04244182e-01,
   4.20869082e-01,-6.70392513e-02,-1.22234978e-01,-1.11877337e-01],
 [ 1.85212463e-01, 6.56081617e-01,-1.05860725e-01,-1.03942192e+00,
  -2.15146299e-02,-2.24025190e-01, 7.23282918e-02, 1.04779184e-01,
   1.03299886e-01, 3.82881761e-01, 6.43676296e-02,-1.18937409e+00,
  -1.24509469e-01,-2.77574897e-01,-1.18150137e-01,-1.02075815e-01,
   4.48242761e-02,-4.22136426e-01,-4.73586470e-01,-7.44123280e-01,
   1.68255847e-02,-2.84338146e-02, 1.96127087e-01, 4.28842574e-01,
   3.77700180e-01,-3.61925542e-01,-8.20394754e-02, 4.90220636e-01,
  -1.00758024e-01,-7.62472749e-02, 1.55957416e-01,-4.04703408e-01],
 [-1.66825369e-01, 2.20189497e-01,-2.17780843e-02,-1.03075569e+02,
   1.60852503e-02, 4.66464520e-01, 1.76433861e-01, 1.18647180e-02,
   5.36381491e-02, 2.11259410e-01,-4.68228832e-02, 1.34231389e-01,
  -1.65593177e-02, 2.30149969e-01,-6.87159002e-02,-2.10159332e-01,
  -4.11121622e-02,-4.30844873e-01, 7.93824121e-02,-5.66727042e-01,
   3.10486332e-02, 2.58644640e-01, 4.72229011e-02,-1.62124649e-01,
  -1.64017409e-01,-2.09721610e-01, 1.18758786e-03, 1.51523873e-01,
   4.26711321e-01,-9.11682993e-02,-2.63932291e-02,-1.74082622e-01],
 [ 1.10988222e-01, 1.42098442e-01,-2.43067499e-02,-1.84075579e-01,
  -2.00669460e+01, 7.52713904e-02,-5.57117388e-02, 1.08073764e-01,
   5.96628152e-02,-6.20510988e-02, 1.24145683e-03, 3.12912315e-02,
   2.59471107e-02, 1.05071753e-01,-9.10718590e-02, 2.15591490e-02,
   2.11104117e-02, 9.75509360e-03, 1.39351353e-01, 6.33085519e-02,
   9.70542338e-03, 6.18287511e-02, 1.22111607e-02, 6.45588934e-02,
  -3.48374471e-02,-1.71393350e-01, 3.88756953e-02, 3.04320306e-02,
   2.72938699e-01,-1.60918757e-02, 3.20869572e-02,-1.46426470e-03],
 [ 1.10624991e-01, 2.65685171e-01,-5.51301688e-02,-4.95977588e-02,
  -8.38438272e-02,-3.67113322e-01,-3.19138288e-01, 8.29794332e-02,
   8.51288736e-02, 1.14898914e-02,-2.40345523e-02,-6.64417669e-02,
   2.11198647e-02, 1.27459228e-01,-4.75992821e-02,-3.86109948e-03,
   1.56674638e-01,-7.18557281e+01, 1.58363253e-01, 1.56131104e-01,
   1.79207399e-02, 1.12667210e-01, 1.26325339e-01, 5.91778606e-02,
  -7.77546018e-02,-1.63467005e-01,-6.95336387e-02,-1.89279374e-02,
   3.15678298e-01,-5.20544536e-02, 7.99088925e-02,-1.89311281e-02],
 [ 9.20866877e-02,-3.35478000e-02, 5.27018774e-03,-1.42826930e-01,
   1.69395190e-02, 9.49929282e-02,-2.07924634e-01, 1.01247437e-01,
   4.11400013e-02, 2.68959552e-02,-2.24443879e-02,-5.06631099e-02,
   5.87804541e-02, 1.34702295e-01,-6.97294846e-02,-4.09801521e+01,
   7.28473738e-02, 2.91339681e-02, 1.52568787e-01, 5.72228953e-02,
   9.09515657e-03, 4.82634455e-02, 1.24286085e-01, 3.95512246e-02,
  -1.87538820e-03,-1.73756823e-01,-3.94784920e-02, 1.78154707e-02,
   3.29629570e-01,-7.12346584e-02, 3.32780108e-02, 5.77933230e-02],
 [ 4.11829837e-02, 5.92833501e-04,-1.26772914e-02,-2.16628477e-01,
   3.97026688e-02, 2.19208300e-02,-5.19492552e-02, 7.50954747e-02,
   4.40899394e-02, 1.37478977e-01,-6.22821413e-02,-3.52404565e-02,
  -3.03150527e-02, 4.30049859e-02,-9.53420734e+00,-2.85960305e-02,
   9.99917090e-02, 9.89023447e-02, 1.76025018e-01,-7.46153966e-02,
   2.58742776e-02, 1.67218924e-01,-4.63605262e-02, 1.13546051e-01,
   6.54461235e-02,-1.75100997e-01,-4.60657328e-02,-5.63363964e-03,
   2.54410714e-01,-1.06832631e-01, 3.74558493e-02, 1.52147468e-02],
 [ 1.16386876e-01, 9.26876143e-02,-2.46011708e-02,-3.26612806e+00,
  -1.65087003e-02,-6.02599430e+00, 4.79159557e-04, 6.67683855e-02,
   7.97561705e-02,-4.61262045e-03,-6.42213002e-02, 1.83545768e-01,
   6.10134564e-02, 1.79145448e-02,-2.65617985e-02,-5.24989218e-02,
   2.92859320e-02, 9.21783149e-02, 1.48719192e-01,-7.44754001e-02,
   5.99945374e-02, 2.82955974e-01, 1.56944633e-01, 6.31346181e-02,
   6.31644996e-03,-1.12767294e-01,-4.15557139e-02,-1.88292237e-03,
   1.65374681e-01,-7.83688203e-02, 9.31760222e-02,-4.48731296e-02],
 [ 1.41362727e-01,-2.29614973e-01, 1.49021009e-02,-1.32943302e-01,
   2.40318105e-03,-3.68871421e-01,-6.72666170e-03, 9.05851051e-02,
   8.17673281e-02,-7.45438337e-02,-7.17614517e-02, 1.67938262e-01,
   1.45556420e-01, 8.66371114e-03,-8.09795558e-02, 2.38627940e-02,
   4.27193046e-02,-2.44196668e-01, 3.11314136e-01, 2.61672102e-02,
   7.18605146e-02,-6.89357986e+01, 4.89358902e-02, 2.06840038e-01,
   5.13083339e-02,-1.25864327e-01,-4.47262650e+01,-7.63577223e-02,
   1.82304993e-01,-6.16268255e-03, 8.92432407e-02, 5.48322462e-02],
 [ 8.77797753e-02, 1.03859603e-01,-2.16465071e-02, 1.87219605e-01,
   1.83464456e-02, 1.39311403e-01, 4.31345366e-02, 6.07899763e-02,
   8.49567056e-02,-6.28412142e-02,-4.23211716e-02,-5.65318451e+01,
   5.15586585e-02, 1.06357798e-01,-3.68917026e-02,-2.48932242e-02,
  -9.41811036e-03, 5.80365732e-02, 1.71329066e-01,-2.57738214e-02,
   5.19321412e-02, 2.19916046e-01, 1.05018914e-01, 7.82504603e-02,
  -3.59287411e-02,-1.08784720e-01,-1.11209601e-02,-3.11770535e+00,
   2.15068087e-01,-1.81024149e-02, 6.81000873e-02,-1.45160360e-03],
 [-5.38357854e-01,-1.29951596e-01,-5.78602552e-02,-2.06175759e-01,
   1.76881962e-02, 1.36485294e-01,-4.43152666e-01, 5.46851277e-01,
   3.26580480e-02, 7.20985606e-02,-8.81494060e-02,-9.78723168e-02,
  -3.25811893e-01,-1.06334060e-01,-6.85186461e-02,-8.71803463e-02,
   5.50338626e-01, 9.40225422e-02, 3.30505013e-01, 1.61563471e-01,
  -8.41009431e-03, 1.85942113e-01, 2.31933184e-02, 4.60015498e-02,
  -3.27862829e-01,-7.38316894e-01,-9.27810296e-02, 4.71340492e-02,
  -1.76754907e-01, 1.00559443e-01,-7.42355466e-01,-4.05596882e-01],
 [-2.78875291e-01,-4.00710464e-01,-8.65196958e-02,-4.89213407e-01,
  -9.72120985e-02, 3.69278044e-01,-9.15341318e-01,-7.24104822e-01,
   6.83446303e-02, 3.77987146e-01,-4.89478469e-01,-3.74160051e-01,
   1.04188472e-01,-6.98435877e-04,-1.14902698e-01,-1.27302669e-02,
   7.02269450e-02, 1.96155608e-01, 8.75633880e-02, 6.25102401e-01,
   4.31549884e-02, 1.09598830e-01, 1.80947587e-01,-1.62470877e-01,
   9.61987823e-02, 4.31620777e-02,-9.22185034e-02, 1.80418789e-01,
   2.32152507e-01,-5.47457159e-01,-3.12631838e-02,-5.17978668e-02],
 [ 9.32771713e-02,-6.90250168e+01,-2.05409043e-02,-4.20297050e+00,
   4.10690159e-02,-5.50055727e-02,-9.01209563e-02, 6.76977113e-02,
   6.62979260e-02,-5.85306659e-02,-7.73477629e-02, 1.35859475e-01,
  -5.61136613e-03, 5.90506122e-02,-6.24253899e-02, 1.01092294e-01,
   7.99382478e-02, 1.79381922e-01, 1.82052076e-01, 9.99082811e-03,
   3.96422595e-02, 1.36283338e-01,-1.15447938e-02, 7.17752650e-02,
   1.12450682e-02,-1.21014178e-01,-1.39119858e-02,-1.21862786e-02,
   2.30640277e-01,-2.76665483e-02, 4.55898046e-02, 2.44659055e-02],
 [ 1.17927752e-01,-3.39626409e-02,-1.86094586e-02,-2.71871548e+01,
  -8.53665173e-02, 6.62067160e-02,-5.65539002e-02, 8.56388956e-02,
   6.23433329e-02,-8.21868926e-02,-6.15757741e-02, 1.95356131e-01,
   6.32230639e-02, 2.74524875e-02,-1.36301117e-02,-1.74538177e-02,
   8.72573555e-02, 1.80015549e-01, 1.85240403e-01, 1.03306182e-01,
   4.59787585e-02,-6.07492387e-01, 8.26113820e-02, 6.78765029e-02,
   4.17317003e-02,-1.09514058e-01, 2.60800160e-02,-1.57571640e+01,
   1.23052008e-01,-8.32584351e-02, 1.00583471e-01, 5.79208136e-02],
 [ 1.02995031e-01, 6.68246523e-02, 3.40221869e-03, 6.40565017e-03,
   2.30170712e-02, 2.17707083e-01,-2.43123442e-01, 7.17303753e-02,
   6.41975999e-02,-6.20288849e+00,-3.81062888e-02, 7.15331286e-02,
   7.24766329e-02, 9.02393460e-02,-8.17855075e-02, 2.27733944e-02,
   1.12921454e-01, 6.03547394e-02, 1.92924544e-01,-2.48168886e-01,
   4.93032448e-02,-4.76604748e+00, 8.35594162e-02, 8.19450691e-02,
  -1.86132733e-02,-1.96022302e-01, 3.99624780e-02, 1.10141456e-01,
   2.27848396e-01,-2.75729001e-02, 4.38145176e-02, 4.21386492e-03],
 [ 6.65838271e-02,-7.23430421e-03,-5.68712912e-02,-1.92629676e-02,
   2.31276918e-02, 3.23234200e-01,-1.57387853e-01, 4.67774905e-02,
   9.73575413e-02,-6.14465252e-02,-7.81318024e-02,-3.08766402e-02,
   3.70031781e-02, 3.37256901e-02,-4.28445451e-02, 3.40443850e-02,
   9.84598696e-02, 7.78162181e-02, 1.57316506e-01,-6.90287781e+01,
   4.96158041e-02, 1.79626569e-01, 1.21678501e-01, 1.53024048e-01,
   1.63313039e-02,-1.71459928e-01,-3.02090440e-02, 8.04236382e-02,
   1.79222509e-01,-5.76590113e-02, 5.77519313e-02,-3.75332199e-02],
 [ 3.39256749e-02, 1.20089412e-01,-2.44070850e-02,-7.31102079e-02,
   9.13065858e-03, 1.61286090e-02, 9.28443223e-02, 8.26165229e-02,
   5.77652454e-02, 6.58218609e-03,-8.40373710e-02,-7.23512115e+01,
   4.73300330e-02,-1.68481413e-02,-4.53189239e-02,-6.11431785e-02,
   9.09298435e-02,-4.15673628e-02, 2.07877025e-01,-1.84360035e-02,
   4.56901118e-02, 3.51249337e-01,-4.71066017e+01,-1.83661044e-01,
  -8.54933355e-03,-1.22550048e-01, 5.50431162e-02, 7.72222653e-02,
   1.59300327e-01,-2.07081363e-02, 8.49980339e-02,-6.48515001e-02],
 [ 1.06915340e-01,-2.57816706e-02,-2.59745549e-02,-2.36598209e-01,
   2.85252314e-02, 1.18176140e-01,-1.02717712e+02, 3.54663581e-02,
   1.00531593e-01,-1.97294243e-02,-5.50848879e-02, 1.57149091e-01,
   1.11542843e-01, 7.90096447e-02,-6.65451288e-02,-2.98574101e-02,
   5.72263598e-02,-9.03295446e-03, 1.52783141e-01,-1.46109730e-01,
   3.64833809e-02, 2.69610435e-01, 4.33415473e-02, 2.40011755e-02,
   2.49236934e-02,-9.13261846e-02,-8.39677174e-03, 5.52334785e-02,
   2.83555806e-01,-5.69807254e-02, 8.95151198e-02,-6.48612855e-03],
 [ 9.20969695e-02, 1.02464706e-01,-2.07889453e-02,-9.23774540e-02,
   1.96632762e-02,-9.07919835e-03,-1.68895181e-02, 1.05187923e-01,
   7.84604847e-02,-1.43326381e-02,-4.59309854e-02, 3.02266330e-02,
   6.95759356e-02, 4.05892618e-02,-7.98775926e-02,-3.74268927e-02,
   5.81795052e-02, 7.11130127e-02, 1.90652654e-01, 2.63189655e-02,
   2.08378229e-02, 1.71385542e-01, 7.97000676e-02,-8.54598999e+01,
   2.14824211e-02,-1.28867373e-01, 2.16274075e-02, 1.20844513e-01,
   1.84417203e-01,-5.58269247e-02, 9.43902731e-02, 1.22418423e-04],
 [ 2.65643056e-02,-4.34664001e+01, 2.53733676e-02, 1.74639389e-01,
   9.23359916e-02, 3.51863325e-01, 1.71954870e-01, 7.04940706e-02,
   8.60848650e-02,-3.95492688e-02,-2.28412505e-02, 1.23865291e-01,
   9.06760767e-02, 1.02235585e-01,-3.30738574e-02,-5.89654222e-02,
  -6.51539415e-02,-4.65223465e+01, 1.66256309e-01,-1.89803258e-01,
   5.86141944e-02, 1.02298774e-01,-1.85849220e-02, 2.61658188e-02,
  -4.42795157e-02,-1.18772171e-01, 5.78328269e-03, 4.89002094e-02,
   1.86771244e-01, 1.62428338e-02, 7.24167675e-02,-2.77570803e-02],
 [ 1.05385423e-01, 9.59556699e-02, 6.69112615e-03, 1.32382631e-01,
   1.63584445e-02,-4.10029945e+01,-3.91699187e-02, 8.35896060e-02,
   1.04734302e-01,-5.30343316e-02,-4.34709378e-02, 6.90296665e-02,
   7.04608113e-02,-3.05491127e-02,-3.60095538e-02, 3.06370649e-02,
   9.60170701e-02, 1.19704977e-01, 1.88800335e-01, 9.41006839e-02,
   5.54838032e-02,-9.77824326e+01,-1.35275908e+01,-7.13182986e-02,
   2.74361409e-02,-1.13737203e-01, 5.41075431e-02, 3.98133658e-02,
   1.44426942e-01,-2.67847925e-02, 8.24904591e-02, 1.02367448e-02],
 [-2.09332630e-03,-4.88461405e-02,-3.90028469e-02,-2.42811635e-01,
   6.61845729e-02, 1.90668315e-01,-5.01361847e-01,-6.90285936e-02,
   1.24432854e-01, 3.59289497e-02,-1.48661703e-01,-7.76053619e+01,
   8.04905817e-02,-8.40976555e-03,-2.67719813e-02, 2.51456015e-02,
   1.70607895e-01,-4.41260152e-02, 2.05106080e-01, 9.39714164e-02,
   7.62715861e-02, 3.23729396e-01, 1.30336255e-01, 7.06020859e-04,
   1.18168510e-01,-1.29395306e-01,-4.78295250e+01, 2.72184372e-01,
   2.19824448e-01,-1.29463017e-01, 3.31295095e-02,-7.46227726e-02],
 [ 6.30858019e-02,-1.51782691e-01, 2.69111693e-02,-2.31101704e+01,
   1.35226343e-02, 1.06108166e-01,-1.28212884e-01,-3.25405486e-02,
   1.04792349e-01, 1.62225425e-01,-8.30311179e-02,-8.84372234e+00,
   1.49199918e-01,-7.52285346e-02, 9.68092773e-03,-5.12589701e-02,
   1.09781668e-01, 1.04901522e-01, 1.10786602e-01, 1.38727382e-01,
   8.83354321e-02,-6.09129219e+01, 1.32894903e-01, 8.67410079e-02,
   1.09648250e-01,-8.25716853e-02, 6.18996248e-02, 1.33794457e-01,
   1.05114982e-01,-1.31418541e-01, 1.01917639e-01,-6.57684132e-02]]
