[-1.30409020e-01,
-1.41098811e-01,
-5.83777872e-01,
-1.16138964e+00,
 -1.67215331e+00,
 2.14525776e-01,
 3.18540611e-01,
 6.24281631e-01,
 -1.76632252e-02,
-1.42137283e-01,
-8.10263961e-02,
 2.03535560e-01,
  5.53403816e-01,
-8.36256690e-02,
-3.37121197e-01,
 3.57994501e-01,
  7.17310670e-01,
 7.00565318e-01,
 6.60377314e-02,
-8.69155971e-02,
  4.02650729e-01,
 8.31442441e-01,
 1.79872448e+00,
 5.63106700e-01,
  2.07961781e-01,
 6.67800309e-01,
 9.40814558e-01,
 9.01835535e-01,
 -5.16892330e-01,
-1.64073718e+00,
 2.95125863e-01,
-2.87006886e-01,
 -3.38059284e+00,
-4.71941185e+00,
-5.42950754e+00,
 1.18930110e+00,
  7.79803012e-01,
-2.24667583e-02,
-1.69214967e-01,
-2.97895615e-01,
  1.63792834e+00,
 1.06168735e+00,
 1.40360368e-01,
-1.68591230e-01,
 -4.40968722e-01,
 1.42170332e+00,
 1.68441255e+00,
 1.34883683e+00,
  1.09615688e+00,
 8.11217874e-01,
 1.55059702e+00,
 2.42763815e+00,
  2.08233345e+00,
 1.39307528e+00,
 8.36764290e-01,
 2.00533523e+00,
  1.26979418e+00,
-9.89433584e-01,
-2.47459220e+00,
-3.22030106e+00,
  2.25348976e-01,
-8.69803179e-02,
-3.35473554e+00,
-4.69749077e+00,
 -5.38832710e+00,
 1.65858498e+00,
 1.11809318e+00,
-5.91057876e-02,
 -6.31869672e-01,
-1.04333739e+00,
 1.76966910e+00,
 1.43596638e+00,
  6.96714702e-01,
 6.47354881e-01,
 1.03933217e-01,
 1.74501382e+00,
  2.08623296e+00,
 1.53094989e+00,
 1.39547006e+00,
 1.18215088e+00,
  1.27208742e+00,
 2.26426856e+00,
 1.89951210e+00,
 1.48800323e+00,
  5.16953486e-01,
 1.73615030e+00,
 1.59806316e+00,
-1.70249840e+00,
 -3.16889954e+00,
-3.44874281e+00,
 1.53814679e+00,
 1.23780801e+00,
 -3.37707351e+00,
-5.07446636e+00,
-5.48748450e+00,
 2.02570032e+00,
  1.29648859e+00,
-1.75189572e+00,
-2.77204064e+00,
-3.31714276e+00,
  2.63144601e+00,
 1.88790794e+00,
-1.65637193e+00,
-2.57893573e+00,
 -2.96177663e+00,
 2.44734692e+00,
 2.22112561e+00,
 9.55616280e-01,
  8.28402260e-01,
 6.16368579e-01,
 2.49738029e+00,
 3.19232679e+00,
  2.40188907e+00,
 2.14545549e+00,
 1.50330454e+00,
 2.69406698e+00,
  2.35354565e+00,
-1.62175314e+00,
-3.35237003e+00,
-3.78706551e+00,
  2.46452657e+00,
 2.08134538e+00,
-4.03824196e+00,
-5.80176382e+00,
 -5.03025575e+00,
 3.06029840e+00,
 2.28903929e+00,
-2.70320250e+00,
 -4.16243944e+00,
-3.32067901e+00,
 3.62368164e+00,
 2.84670567e+00,
 -2.59627572e+00,
-3.67543754e+00,
-2.89050778e+00,
 3.49121663e+00,
  3.40294821e+00,
-1.68546784e+00,
-2.86390806e+00,
-2.78514941e+00,
  1.64591123e+00,
 3.33732812e+00,
 2.41806709e+00,
 2.38922141e+00,
  2.30214140e+00,
 3.78082635e+00,
 3.67631264e+00,
-1.62993919e+00,
 -3.54011160e+00,
-3.27777898e+00,
-7.68428972e-01,
-4.60686584e-01,
  0.00000000e+00,
 0.00000000e+00,
 0.00000000e+00,
 9.65244579e-03,
  3.42017899e-01,
 0.00000000e+00,
 0.00000000e+00,
 0.00000000e+00,
  1.74074478e-01,
 1.78011479e-01,
 0.00000000e+00,
 0.00000000e+00,
  0.00000000e+00,
 7.15514958e-01,
 7.07061231e-01,
 0.00000000e+00,
  0.00000000e+00,
 0.00000000e+00,
 8.82795336e-01,
 3.82668153e-01,
  0.00000000e+00,
 0.00000000e+00,
 0.00000000e+00,
 1.26195514e-01,
  4.70556578e-01,
 0.00000000e+00,
 0.00000000e+00,
 0.00000000e+00,
  7.34782530e-01,
 1.32652175e-01,
 3.05042820e-01,
 1.09972493e+00,
  1.20338217e+00,
-7.94841915e-01,
-2.23148475e-01,
-1.55663320e-01,
  1.12398439e+00,
 1.48175717e+00,
 1.99551295e-01,
-6.50999207e-01,
 -3.41108990e-01,
 1.69921618e+00,
 1.88187468e+00,
-1.64940242e+00,
 -1.64976048e+00,
-1.56464031e+00,
 7.08131647e-01,
 8.91621212e-01,
 -2.67448156e+00,
-2.96168456e+00,
-2.61839197e+00,
 2.97417636e-01,
  7.65551862e-01,
 4.08813318e-01,
 5.69763001e-01,
 7.29303208e-01,
  1.05155299e+00,
 0.00000000e+00,
 2.46404199e-01,
 9.16494844e-01,
  1.41662447e+00,
 4.96669971e-01,
 1.09099670e+00,
 6.14642495e-01,
  4.88494153e-01,
 5.16294728e-01,
 8.26461787e-01,
 5.43798383e-01,
  5.34715539e-01,
 1.12105303e+00,
 1.34240336e-03,
 6.15394771e-01,
  4.03948182e-01,
 8.58526580e-01,
 1.30289476e+00,
 1.31651627e+00,
  4.67591282e-01,
 6.85113045e-01,
 7.94816724e-01,
 6.97197840e-01,
  1.79608637e+00,
 1.94319365e+00,
 1.79181498e-01,
 3.50090120e-01,
 -1.82386780e-01,
 2.49544117e-01,
 2.50594143e-01,
 1.95666816e+00,
  9.96518735e-01,
 7.55201272e-01,
 9.18198683e-01,
 1.18020960e+00,
  0.00000000e+00,
 0.00000000e+00,
 3.03020271e+00,
 2.49407392e+00,
  2.52667112e+00,
 2.24394561e+00,
 1.92888002e+00,
 0.00000000e+00,
  3.07261149e+00,
 2.99633104e+00,
 2.30150706e+00,
 1.98878133e+00,
  2.00874128e+00,
 0.00000000e+00,
 2.44280741e+00,
 2.60019345e+00,
  1.70594200e-02,
 1.94837485e+00,
 1.88379590e+00,
 0.00000000e+00,
  1.94179869e+00,
 2.53773752e+00,
 2.54018214e+00,
 2.72349645e+00,
  2.36843042e+00,
 0.00000000e+00,
 1.74500601e+00,
 2.67955273e+00,
  2.98094927e+00,
 2.45016498e+00,
 1.25967037e+00,
 0.00000000e+00,
  1.74916481e+00,
 1.80700682e+00,
 2.25219155e+00,
 1.77132103e+00,
  1.65242563e+00,
 0.00000000e+00,
 3.79700660e+00,
-2.56886374e+00,
  3.84686826e-01,
-1.66546182e-01,
 1.87660392e-01,
-2.92614639e-02,
  2.77496825e+00,
 1.59815892e-01,
 8.83328314e-02,
 9.77821392e-02,
  0.00000000e+00,
 2.37533894e-01,
-3.34733956e-01,
 6.75413167e-02,
  2.79850367e+00,
 3.77583860e+00,
 0.00000000e+00,
 0.00000000e+00,
  1.44308239e-01,
 1.88767071e-01,
 8.08837303e-01,
 1.27280768e+00,
  1.69413076e+00,
-6.33266428e-01,
 3.24854924e-02,
 3.79907922e+00,
  2.60482685e+00,
-3.38874243e-01,
-1.66856764e+00,
-1.23065140e+00,
 -7.44231807e-01,
 8.34512687e-02]
