[[-8.42227489e-02,-5.99692389e-02, 2.47941300e-01,-1.55891979e+00,
  -8.52202848e-02,-2.36197412e-01, 3.25759649e-02,-1.15872097e+00,
  -7.67021596e-01,-1.36369258e-01,-1.76146612e-01,-1.78990606e-02,
  -3.99262697e-01,-9.95619446e-02, 1.46694452e-01,-3.63234431e-01,
   5.96552968e-01,-1.23586059e-01,-1.64053962e-01,-4.19748396e-01,
   1.48185503e+00,-2.68854778e-02, 1.11065960e+00, 1.90715073e-03,
   1.78432483e-02,-3.30307543e-01,-6.78866580e-02,-1.23085029e-01,
  -4.81394529e-01,-1.14782490e-01,-2.52418846e-01, 2.60178638e+00],
 [ 2.18381975e-02,-1.90831572e-01,-9.57029238e-02, 5.16113162e-01,
  -1.92533527e-02,-1.31639183e-01,-3.14654447e-02,-3.58453766e-02,
   3.16038430e-01,-2.54315808e-02,-1.36643529e-01,-1.10948130e-01,
  -3.97062898e-02,-5.07518768e-01, 8.07010770e-01,-1.29781008e-01,
  -7.97551453e-01,-1.69585004e-01, 7.48742595e-02, 3.04980755e-01,
  -8.02167058e-01,-1.43136764e-02, 5.93715787e-01,-1.64906844e-01,
   3.91493328e-02,-1.74466610e-01,-4.18952405e-02, 4.36680503e-02,
   1.31161332e-01,-3.66391614e-02,-5.91399729e-01,-5.59104681e-01],
 [ 3.18871066e-03,-3.08944136e-01,-2.08946928e-01, 3.09025943e-01,
   1.62655652e-01,-3.20464699e-03,-4.72622305e-01,-3.05218220e-01,
   3.40572894e-01,-1.06532335e-01,-1.19176999e-01, 2.32405707e-01,
   5.53738698e-02,-2.63029397e-01,-3.30832809e-01,-1.65652752e-01,
  -1.15808880e+00,-2.57597923e-01, 7.19104052e-01,-1.78322196e-01,
   8.56844485e-01, 3.04079964e-03,-1.49845386e+00,-2.04714373e-01,
   3.63440253e-02,-1.51855275e-01, 1.21938393e-01, 1.41424194e-01,
  -4.13377643e-01, 7.15472698e-01,-8.92644748e-02,-1.38836086e+00],
 [-3.35365068e-03, 6.55365288e-02,-8.83107126e-01, 1.34671703e-01,
  -1.29147798e-01,-1.08046317e-02, 1.11498445e-01,-1.74515262e-01,
  -4.60663766e-01, 4.56137925e-01, 4.57998849e-02,-2.82033473e-01,
   1.04637004e-01,-1.55467048e-01, 1.64026961e-01, 1.42095372e-01,
   1.94982600e+00,-7.07254589e-01, 3.20028774e-02, 1.43436521e-01,
  -5.27666092e-01,-2.17904851e-01, 2.04613537e-01, 1.46889657e-01,
  -3.31564903e-01, 3.54977161e-01,-4.43487167e-02,-1.14427023e-01,
   3.03919345e-01, 1.09651081e-01,-3.41459155e-01,-1.45419407e+00],
 [-1.65295675e-01,-4.23848480e-01, 1.07268047e+00, 2.71745324e-01,
  -4.23710495e-01,-2.02068925e-01,-3.73698652e-01, 1.21640846e-01,
  -5.37772067e-02,-1.54498279e-01,-2.80306101e-01,-5.86855933e-02,
  -5.64602986e-02,-8.82504582e-01,-2.88638026e-01,-2.31526390e-01,
  -4.07203674e-01,-1.58554837e-01,-2.03137770e-01, 9.77379143e-01,
  -6.30140364e-01,-3.27237159e-01,-3.68425310e-01,-4.37809557e-01,
  -4.29335713e-01,-3.87339145e-01,-3.84727418e-01, 1.37809098e-01,
  -3.02286178e-01, 9.33801569e-03,-1.44190654e-01, 1.08303499e+00],
 [-3.39095742e-01, 1.81836963e-01,-2.25382566e-01, 6.49665177e-01,
  -2.92667627e-01, 4.37371254e-01, 3.01109463e-01, 6.66421652e-01,
   4.80205983e-01, 2.94752568e-01, 3.55600357e-01,-5.21437824e-01,
   4.82889652e-01, 5.83793163e-01, 3.07736546e-01, 3.59249234e-01,
  -9.38838720e-01,-5.41324615e-01,-3.48922938e-01,-1.45222798e-01,
  -1.89089775e+00,-3.18858892e-01, 5.71727693e-01, 2.71398544e-01,
  -3.87497634e-01, 4.80840683e-01,-2.66769320e-01,-2.05366433e-01,
   8.33240211e-01,-3.65706921e-01, 2.17490062e-01,-1.78810763e+00],
 [-2.88227182e-02, 1.60441920e-01,-8.33503544e-01, 5.06514050e-02,
   1.23703992e+00, 3.67823869e-01, 1.22292060e-02,-5.41617870e-01,
  -1.35368451e-01, 2.02622190e-01, 1.74984410e-02, 7.83626437e-02,
  -3.65624547e-01, 8.70308280e-02,-1.71610564e-02, 1.80125684e-01,
  -1.11771226e-01,-1.94101453e-01,-3.36903110e-02,-3.16026330e-01,
   4.16004092e-01, 3.88888968e-03,-1.41081393e-01, 3.24183553e-02,
  -1.52190523e-02, 5.78412190e-02, 1.31217146e+00,-2.04509765e-01,
   3.44691217e-01,-2.81249713e-02, 1.82671964e-01,-4.43538159e-01],
 [-1.70015216e-01, 9.45598036e-02,-4.64850247e-01,-1.07646115e-01,
  -1.60939440e-01, 3.27579528e-02, 8.86067972e-02,-7.98551202e-01,
  -1.41404018e-01, 9.62528661e-02, 1.31041687e-02, 8.98650661e-03,
  -3.44483182e-02, 5.36811166e-02, 2.09562287e-01,-1.63213012e-03,
  -6.54079169e-02, 8.08170140e-02,-6.41871914e-02,-4.01419178e-02,
   6.72969699e-01,-1.36540487e-01, 3.05373102e-01, 2.29782373e-01,
  -9.87034217e-02, 5.20472415e-02,-2.20309779e-01, 2.60654595e-02,
   8.25205088e-01,-1.46216797e-02, 7.28336573e-02, 1.12386405e+00],
 [ 1.09408803e-01, 4.37160023e-02, 5.88220716e-01,-4.93475854e-01,
   8.22235271e-02,-1.14376776e-01, 1.73499152e-01,-1.29048049e+00,
  -1.64296091e-01,-2.22841650e-02,-4.91856895e-02, 3.07612848e-02,
  -1.27388909e-01,-1.39883131e-01, 8.43926817e-02,-2.86108166e-01,
  -5.68640292e-01, 1.28200222e-02,-1.24058098e-01,-7.02259719e-01,
   1.99454379e+00, 1.03916362e-01,-9.12362635e-02,-2.91518830e-02,
   5.98945171e-02,-2.82062411e-01, 9.86525491e-02,-1.60034597e-02,
  -2.72836149e-01,-2.28584632e-02,-5.67981675e-02, 2.28944230e+00],
 [-1.28135100e-01, 1.82917789e-01,-5.79165459e-01, 6.41961932e-01,
  -1.18135571e-01, 1.73357919e-01,-1.63152158e-01, 5.30840814e-01,
   4.17301774e-01, 1.94308296e-01, 2.77480423e-01,-1.48263484e-01,
   1.32902801e-01,-2.77633071e-01, 9.07766670e-02, 1.15701169e-01,
  -3.51975828e-01,-1.78919807e-01,-6.57167658e-02, 2.14288786e-01,
  -1.50782275e+00,-1.69867247e-01, 5.21128476e-01, 2.69669861e-01,
  -2.29253601e-02, 4.11646634e-01,-1.15463987e-01,-1.58925876e-01,
   2.32937187e-01,-3.46312150e-02, 2.66471803e-01,-1.39330852e+00],
 [-1.05551630e-01,-2.10073784e-01,-1.42631717e-02,-1.33516908e-01,
  -7.62356222e-02, 8.75152409e-01,-1.89597517e-01, 7.76365399e-02,
  -3.39292675e-01, 8.98262784e-02, 1.38654351e-01,-7.23312143e-03,
  -1.06900387e-01,-4.09088850e-01,-2.37082914e-02, 3.94363254e-02,
  -2.74244666e-01,-1.56941265e-02, 1.13858998e-01,-1.37892198e-02,
   1.53041303e-01,-2.15039492e-01,-3.69597197e-01,-1.68889105e-01,
   4.36608866e-02,-3.14605534e-01,-3.96225266e-02, 9.45143700e-02,
  -3.24555069e-01,-6.80946782e-02,-4.33621295e-02, 3.30354005e-01],
 [ 2.48129368e-01,-8.66717696e-02,-6.44120574e-01,-5.28726697e-01,
   2.11027235e-01,-2.34322608e-01,-1.17126711e-01,-1.27809837e-01,
  -1.02239752e+00, 2.08962351e-01,-3.51356603e-02, 7.45487288e-02,
  -2.18930662e-01, 1.39178053e-01, 1.65930599e-01,-2.72231530e-02,
   1.70968926e+00,-7.97396421e-01, 1.22100756e-01, 1.42883912e-01,
   7.24354804e-01, 1.74236223e-01,-8.57526064e-02, 3.86227295e-02,
  -7.03001767e-02, 1.65512070e-01, 2.44736433e-01, 7.28387982e-02,
   5.64589314e-02, 2.49083966e-01,-6.25130951e-01,-1.30854532e-01],
 [ 2.16683224e-01,-2.30357915e-01, 1.32604435e-01,-7.82710314e-01,
   2.55801111e-01,-3.64582986e-01,-1.63742915e-01,-5.83359778e-01,
  -5.33712566e-01,-3.43688965e-01,-2.91936845e-01, 4.14543271e-01,
  -3.12956661e-01,-3.31771076e-01,-1.51729450e-01,-3.79455596e-01,
  -7.23305523e-01, 3.34475636e-01, 8.97898674e-02, 7.71946460e-02,
   2.00414062e+00, 2.67476439e-01,-4.70235169e-01,-3.24438930e-01,
   2.43665516e-01,-5.10200083e-01, 2.53767908e-01, 1.74383327e-01,
  -5.09416044e-01, 2.00669721e-01,-4.10985917e-01, 2.06404305e+00],
 [ 1.35929510e-01, 4.12111990e-02, 2.71445781e-01,-4.42179054e-01,
   3.14019471e-01,-3.28222029e-02,-7.25687072e-02, 1.58292532e-01,
  -2.12837104e-02,-5.57755418e-02,-1.01492822e-01, 2.32104704e-01,
  -1.03032432e-01,-2.84951478e-01,-1.62265733e-01, 7.19350874e-02,
  -1.03770316e+00,-8.07638094e-02, 9.11661923e-01,-2.32696131e-01,
  -2.73687267e+00, 2.67710954e-01,-1.50009841e-01,-1.00695379e-01,
  -2.49506496e-02,-2.52596587e-01, 3.94326717e-01, 1.27730668e-01,
   4.67620119e-02,-1.38387486e-01,-5.23529887e-01, 1.90574896e+00],
 [ 3.34438056e-01,-2.24675059e-01,-3.65481853e-01, 2.67135501e-01,
   9.06351209e-02, 1.11084923e-01, 2.36479118e-02,-6.89138547e-02,
   1.74495399e-01, 1.94593892e-01, 8.56902003e-02, 2.49568885e-03,
   1.83237836e-01,-1.93173960e-01,-2.69736558e-01, 1.15153417e-01,
  -1.84145045e+00,-4.23255771e-01,-6.43320754e-02,-5.42075515e-01,
  -7.50482231e-02, 7.25776315e-01,-4.35476571e-01,-2.44574696e-01,
   4.16770503e-02,-6.72151074e-02,-1.38220832e-01, 7.99756169e-01,
   1.37098879e-01, 3.07344999e-02,-9.96232256e-02,-6.17651967e-04],
 [-4.83133085e-02, 2.49795645e-01,-5.42699099e-01,-4.74247485e-01,
  -4.55651581e-02, 5.22694476e-02, 2.14006275e-01, 7.61127293e-01,
  -4.60059345e-01, 5.83289377e-02,-4.38803047e-01,-2.73949020e-02,
  -8.71576555e-03, 8.66932198e-02,-1.81223258e-01,-1.67166088e-02,
   2.83216417e-01,-6.20083660e-02,-4.13350984e-02,-1.17890857e-01,
  -7.14436948e-01,-6.34610727e-02, 1.06856555e-01,-1.97018206e-01,
  -1.66330636e-02,-2.79685229e-01,-1.26351520e-01,-5.53056225e-02,
   6.12113893e-01,-1.10808551e-01,-3.00385684e-01,-8.18124056e-01],
 [-3.21562260e-01, 3.21379930e-01, 5.80235384e-02, 6.89746499e-01,
  -2.86008924e-01, 4.29082394e-01, 8.46531272e-01,-4.88706768e-01,
   2.25485042e-01, 5.15945792e-01, 4.45081264e-01,-4.74291921e-01,
   3.58385772e-01, 9.36492458e-02, 2.72172123e-01, 2.92366534e-01,
  -1.75582156e-01,-4.83889401e-01,-2.29379550e-01,-9.56377864e-01,
  -3.99190187e-02,-1.75550506e-01, 4.79036659e-01, 3.77928108e-01,
  -2.28324234e-01, 4.25460219e-01,-2.19472140e-01,-2.12800220e-01,
  -1.59166530e-01,-2.84013808e-01,-1.38899982e-01, 4.28018838e-01],
 [-1.73428625e-01, 1.28962541e+00,-1.65992841e-01,-1.88314211e+00,
  -1.22448497e-01,-1.42519429e-01,-3.38849634e-01, 1.52953923e-01,
  -4.23727959e-01,-2.30439100e-02, 7.09035024e-02,-5.25394380e-01,
   1.15863122e-01, 9.26894620e-02, 3.04364979e-01, 3.73378098e-02,
  -1.44682026e+00,-3.44319701e-01,-6.96877316e-02, 6.44706711e-02,
   8.26896906e-01,-4.02598195e-02, 4.43438560e-01,-5.75826705e-01,
  -1.14659242e-01,-1.88242421e-01,-1.02156140e-01,-1.00965902e-01,
  -7.28876516e-02,-4.62906688e-01,-2.71892156e-02,-5.11701882e-01],
 [-5.49908169e-02, 5.25301993e-02,-3.75405073e-01,-1.96577263e+00,
  -1.02777742e-01,-3.99043150e-02, 3.13281655e-01, 5.09773195e-01,
  -9.77842450e-01, 5.05873226e-02, 6.27468824e-02,-6.01910710e-01,
  -1.37402564e-01, 1.16906635e-01, 4.14284527e-01, 2.14926749e-01,
  -1.99904287e+00,-2.80139863e-01,-4.25577015e-01,-1.37185082e-01,
   3.42702925e-01, 1.13155916e-02, 5.52336097e-01, 6.00493073e-01,
  -4.79519777e-02, 2.75523931e-01,-1.52843550e-01,-3.17905545e-01,
   8.89401436e-02,-1.39696643e-01, 3.14216614e-01,-1.36164293e-01],
 [-4.28319126e-02,-6.71728849e-02,-5.85257769e-01,-3.97882611e-01,
  -8.80986601e-02,-1.42956208e-02,-1.61829174e-01,-5.31590641e-01,
  -3.27553064e-01,-8.69578198e-02,-4.82329205e-02, 3.33353966e-01,
  -3.94875884e-01,-2.80046254e-01,-1.08075425e-01,-2.41610780e-01,
  -4.80885446e-01, 1.24237360e-02,-2.40143910e-01,-1.33953631e+00,
   1.76074302e+00,-1.06007032e-01,-1.26452968e-01,-1.64455608e-01,
   1.55452281e-01,-1.49573356e-01,-1.92763492e-01, 4.43107012e-04,
   1.11392327e-01, 1.11408472e-01,-1.55238673e-01, 2.59799099e+00],
 [-6.35337234e-02, 5.86633831e-02,-1.54528570e+00, 3.93791556e-01,
   1.14336662e-01,-1.50966700e-02,-2.63582528e-01, 2.42938519e+00,
   3.96304548e-01, 2.84969676e-02, 7.65629578e-03,-1.03584770e-02,
   2.69142259e-02, 1.33137524e-01,-6.62421361e-02, 7.53705129e-02,
  -6.61515474e-01,-6.10620975e-02,-1.09450720e-01,-4.14284647e-01,
  -2.18807411e+00,-8.41276869e-02, 2.71592140e-01, 1.52432611e-02,
   6.09724596e-02, 5.88596836e-02,-2.61772219e-02,-5.25830425e-02,
  -1.64545608e+00, 2.04059538e-02,-7.62230679e-02,-2.02611876e+00],
 [-6.89109340e-02, 1.38708457e-01, 3.96088243e-01, 3.06471381e-02,
  -3.17800790e-01, 1.28305435e-01, 2.82572746e-01,-1.39630032e+00,
  -2.89935116e-02, 1.32219806e-01, 6.59066811e-03,-2.21868590e-01,
   4.71646339e-02,-3.04823816e-01, 1.96461961e-01, 2.03208655e-01,
   8.17877769e-01,-1.96259439e-01,-1.93585027e-02, 2.16075197e-01,
  -1.71330869e-01,-2.18810260e-01, 1.63614422e-01,-4.95470129e-04,
  -1.49226025e-01, 1.27183720e-01,-2.00911328e-01,-8.04349408e-02,
   1.44937718e+00,-1.93613768e-01, 1.06153436e-01, 2.08944216e-01],
 [-4.16738033e-01, 3.86911035e-01,-1.32059216e+00, 1.05308974e+00,
  -5.24144590e-01, 1.54693887e-01, 4.17939276e-02, 2.01877904e+00,
   5.72368681e-01, 1.51229218e-01, 1.94270998e-01,-5.01933515e-01,
   2.62703717e-01,-1.51758164e-01, 1.93850681e-01, 5.29257834e-01,
  -8.47749233e-01, 7.46821910e-02,-3.22394252e-01,-2.23735407e-01,
  -4.10337687e+00,-7.05085218e-01, 9.00962114e-01, 1.80431232e-01,
  -2.41247639e-01, 5.19355118e-01,-6.71982586e-01,-4.08200026e-01,
   8.28148007e-01,-4.69864279e-01, 1.82288811e-01,-3.62957883e+00],
 [ 6.40957132e-02, 8.43487531e-02,-2.03957215e-01, 2.08642244e+00,
  -2.26336494e-01,-2.37425223e-01, 3.97307351e-02,-4.08608973e-01,
   6.51513755e-01,-8.15137699e-02,-3.39121699e-01, 2.75279600e-02,
   1.48530990e-01, 1.51504993e-01,-3.43187094e-01, 1.30561426e-01,
  -6.80838406e-01,-1.64950609e-01, 4.56851348e-02, 2.24903479e-01,
  -2.40582705e+00,-1.66840509e-01, 4.29153562e-01,-2.78080732e-01,
  -1.47906333e-01,-1.65762410e-01,-3.38949561e-01,-1.05366200e-01,
   1.63695961e-01, 7.54265040e-02,-2.27811784e-01, 8.91043603e-01],
 [-9.07055661e-02,-7.82281235e-02,-3.76122415e-01,-1.01855144e-01,
  -2.59417444e-01,-2.28493497e-01, 7.68254697e-02,-4.38980043e-01,
   3.77415009e-02,-1.86105184e-02,-3.23951125e-01,-2.55427063e-01,
  -2.17543319e-02,-1.58535108e-01,-8.31970274e-02, 1.22823734e-02,
  -8.05085123e-01,-6.50818884e-01,-1.80505738e-01, 6.82228327e-01,
  -3.17332697e+00,-3.11737776e-01,-1.02926385e+00,-1.01146035e-01,
  -2.90184468e-01,-4.29936945e-01,-2.98291326e-01,-4.43753749e-01,
   3.66928726e-01,-1.79458618e-01, 1.06462188e-01, 2.44854927e+00],
 [ 2.17132092e-01,-3.22931617e-01, 1.12459791e+00, 1.52331144e-01,
   2.98331976e-01,-5.83562143e-02,-4.07418519e-01, 1.17517509e-01,
  -2.64974032e-02,-1.92138866e-01,-1.70058876e-01, 1.34587839e-01,
  -2.52041593e-02,-5.79058349e-01,-2.01125011e-01,-1.82047531e-01,
  -8.72242093e-01, 3.33964825e-02, 2.92045981e-01, 2.91073382e-01,
  -5.26322760e-02, 1.79003756e-02,-4.97218519e-01,-2.83828229e-01,
   1.80417448e-01,-1.47001788e-01, 3.07260484e-01, 1.46833256e-01,
  -6.12787269e-02, 3.03049311e-02,-2.38230571e-01,-9.27424014e-01],
 [ 1.35623654e-02,-2.26017237e-02, 6.33833170e-01,-9.29847583e-02,
  -1.22149654e-01, 2.87718307e-02,-2.18707919e-02,-9.48768497e-01,
  -3.05212457e-02,-5.81116788e-02,-1.50998468e-02,-1.08033210e-01,
   8.75554159e-02,-9.20163095e-02,-3.44946831e-02, 1.10033959e-01,
  -2.69438565e-01,-1.56598076e-01,-4.26516905e-02, 3.37584883e-01,
   4.03979361e-01, 1.20985713e-02,-7.57460445e-02,-7.69918486e-02,
  -4.40501980e-02, 6.61621317e-02,-1.65424887e-02,-8.84127468e-02,
   1.50857520e+00,-1.48189114e-02,-1.24602862e-01, 2.50026166e-01],
 [ 5.80020435e-02,-1.30998388e-01,-2.18476459e-01,-4.98963706e-02,
   6.03332259e-02,-3.61625165e-01,-2.63819933e-01, 9.91952002e-01,
  -3.58601421e-01,-2.31426716e-01,-2.54204631e-01, 3.25593442e-01,
  -3.31416398e-01,-1.77871630e-01,-1.35700881e-01,-2.98022777e-01,
  -1.25350282e-01, 4.77058411e-01, 9.98737663e-02,-2.51054555e-01,
   4.50320512e-01,-8.26413333e-02,-2.21988216e-01,-1.93188623e-01,
   8.82431343e-02,-1.47060618e-01, 1.44162416e-01, 1.94544494e-01,
  -1.23576236e+00, 2.25355729e-01,-6.02621511e-02, 1.36036891e-02],
 [-3.08944255e-01, 2.73728907e-01,-1.16381729e+00,-3.62567186e-01,
  -4.86412734e-01, 4.06096816e-01,-5.69805577e-02,-6.52422607e-01,
   2.33191943e+00, 1.29872173e-01,-1.63278639e-01, 5.50842941e-01,
   3.25536281e-02,-6.80007815e-01,-1.55955076e-01, 2.20355824e-01,
  -1.67514294e-01,-5.60765862e-01,-2.82795012e-01, 3.73426974e-02,
  -2.07438731e+00,-3.65788460e-01, 4.69763577e-01,-2.37079903e-01,
  -3.33018064e-01,-1.69439107e-01,-7.16860294e-01,-5.92982173e-01,
   2.33377412e-01,-1.30061913e+00, 1.85184568e-01,-9.91219282e-01],
 [-9.44783986e-02, 1.95172161e-01,-1.06091511e+00, 1.49918127e+00,
  -4.84016150e-01, 2.84927189e-01,-1.01817705e-01, 2.33630681e+00,
   9.88426328e-01, 3.67228180e-01, 1.48369208e-01,-4.87283319e-01,
   4.94051725e-01, 2.98727423e-01, 1.51976809e-01, 6.02514446e-01,
  -2.06558323e+00,-4.35576558e-01, 7.78874010e-02,-1.20707221e-01,
  -6.39426136e+00,-2.28955075e-01, 8.03209841e-01, 4.11881208e-01,
  -1.52860418e-01, 4.30338621e-01,-6.46013975e-01,-1.59303993e-01,
  -6.12975061e-01,-3.23045045e-01, 5.93304411e-02,-6.89662075e+00],
 [-3.27168815e-02, 9.77989674e-01,-6.78681284e-02, 6.36798143e-01,
  -3.80902924e-02,-7.24444017e-02, 1.16739798e+00,-3.44012827e-01,
   6.45489693e-01,-1.85647741e-01,-9.94040966e-02,-6.56187236e-01,
  -2.01932177e-01,-2.64580071e-01, 1.03330851e-01, 2.41777912e-01,
  -4.92393255e-01, 2.37724427e-02,-1.86327219e-01,-6.12044930e-01,
  -4.43058282e-01,-1.37742788e-01, 4.05651592e-02,-2.48567432e-01,
  -1.73869684e-01,-1.15250178e-01,-4.56860662e-03,-9.00359973e-02,
  -5.00392199e-01,-2.24468634e-01, 3.55260670e-02,-5.05710721e-01],
 [ 2.23489881e-01,-8.61664489e-02,-5.94809711e-01,-2.01656684e-01,
   2.93799251e-01,-2.13119522e-01,-2.07624674e-01, 7.07396448e-01,
  -1.18955299e-01,-1.84077263e-01,-1.48420140e-01, 2.76893944e-01,
  -1.65447593e-01,-1.19078681e-01,-1.08198218e-01,-1.68640852e-01,
  -7.08797693e-01, 5.53585328e-02,-9.80206206e-02, 3.72957170e-01,
   1.81872874e-01, 2.64594853e-01,-7.42577016e-02,-7.33343661e-02,
   3.83756548e-01,-1.72044456e-01, 2.93266594e-01, 1.31716609e-01,
  -4.58989948e-01, 2.19634384e-01,-9.44788605e-02,-8.33142474e-02]]
