[-0.40801078,-0.17793666,-1.0875107 ,-0.45852467,-0.5378016 ,-0.5733826 ,
 -0.28778824, 0.40810233,-0.5153482 ,-0.16670644,-0.13592848, 0.30952004,
 -0.35292345, 0.17838207,-0.17015217,-0.27594084,-0.18846184, 0.24838431,
 -0.04935921,-0.49678418,-0.40498066,-0.09702783, 0.07872579,-1.0074106 ,
 -0.1373557 , 0.56547034,-0.1505388 ,-0.35977736,-0.39042556, 0.50247985,
 -0.1214272 , 0.08496322,-0.3689573 ,-0.03388804,-0.15407073,-0.44762474,
 -0.15010622,-0.2945838 ,-0.15494134,-0.01649157, 0.63754016,-0.42169294,
 -0.37543008, 0.21308708,-0.22862741,-0.38648993,-0.37987125,-0.22903495,
 -0.5208781 , 0.09717353,-0.40072617,-0.6378013 ,-0.5475551 ,-0.2609879 ,
 -0.4072489 ,-0.04294953, 0.0173524 , 0.7318501 ,-0.31746483,-0.19751318,
 -0.51373523,-0.13531753, 0.12601846,-0.72866493,-1.1406697 , 0.01142192,
 -0.38800192,-0.4137411 ,-0.08758941,-0.4440427 , 0.02543578,-0.20546113,
 -0.35648695,-0.14848195,-0.31298414,-0.23070557,-0.4020617 ,-0.3115589 ,
  0.25705427, 0.04427215,-0.409656  , 0.04374884,-0.23436512,-0.8020472 ,
 -0.4736834 , 0.09921779, 0.01449244,-0.01694336,-0.26168418,-0.6641624 ,
 -0.755121  ,-0.13947153,-0.50309867,-0.70391685,-0.95234644, 0.09257588,
  0.01865879,-0.45179594,-0.15853432,-0.15018255,-0.27566501,-0.0749851 ,
  0.5984379 ,-0.48821554,-0.22932783,-0.27278072,-0.35822147,-0.1668473 ,
  0.13285892, 0.15949468,-0.15546365,-0.60752267,-0.03734891,-0.4565347 ,
 -0.21014732,-0.67348266,-0.1669605 , 0.175126  ,-0.00343963, 0.26812935,
 -0.47094768,-0.47903645, 0.00522251,-0.22058627,-0.54621804,-0.18424399,
 -0.29415187,-0.24338128]
