[ 7.03193605e-01, 3.38498801e-01, 2.00937793e-01, 1.64192989e-01,
 -3.51467162e-01,-3.23824525e-01,-2.18024090e-01,-2.68465370e-01,
 -2.44189352e-01,-3.43753010e-01,-4.12223972e-02,-2.63626426e-01,
  9.84564424e-01,-8.60467479e-02,-4.39862877e-01,-1.74136534e-01,
 -2.45016232e-01,-3.98963273e-01,-2.15147600e-01, 3.07840735e-01,
  6.82149470e-01,-4.08364564e-01,-9.59256589e-02,-2.65093029e-01,
 -3.17238659e-01, 3.24250370e-01,-5.42195022e-01,-5.44043630e-02,
 -6.02369487e-01,-2.57591605e-01,-3.05647969e-01,-4.09603626e-01,
 -3.26698944e-02, 2.86827117e-01, 3.19176078e-01,-3.76348704e-01,
 -3.25041950e-01,-1.95888296e-01, 7.04658628e-02,-1.10392772e-01,
  5.08589745e-01,-6.63377717e-02,-1.83144346e-01,-3.43283504e-01,
 -4.63236362e-01,-3.00165147e-01,-4.37638670e-01,-2.49253705e-01,
 -1.95574686e-01, 6.91411272e-02, 3.81471783e-01, 7.74536878e-02,
 -3.42298239e-01,-2.40508050e-01,-3.82221431e-01,-4.81795374e-04,
 -1.04956269e-01,-2.61122584e-01,-2.81691074e-01,-1.40693203e-01,
 -2.49686882e-01,-2.15282679e-01,-1.23090051e-01, 8.27737525e-03,
  4.55579489e-01,-5.89706123e-01,-7.69129455e-01, 2.34263271e-01,
 -4.70552027e-01, 1.00069262e-01, 3.06025773e-01,-3.49451274e-01,
 -3.22809607e-01,-4.03687418e-01,-2.52852231e-01,-2.92690068e-01,
 -3.37210596e-01, 8.65188658e-01,-6.00329876e-01,-1.98664665e-01,
  6.18247926e-01,-2.00892225e-01,-9.85719785e-02,-3.56500149e-01,
 -5.21594822e-01, 2.40745664e-01, 3.31040353e-01,-3.37251693e-01,
 -2.75076210e-01,-6.78942561e-01,-4.24385101e-01,-4.29932684e-01,
 -1.20511375e-01,-4.43737060e-01, 4.42298263e-01,-3.46747398e-01,
  2.04133824e-01,-1.08024038e-01,-3.52277040e-01, 3.24052215e-01,
 -1.53183326e-01, 6.04134977e-01,-8.70958567e-02,-2.81156719e-01,
 -3.39505762e-01,-1.99729547e-01,-3.08590055e-01,-4.72250104e-01,
  4.40669119e-01,-4.27900136e-01,-2.58394510e-01, 2.88008928e-01,
 -5.38005292e-01,-2.78977066e-01,-4.88823205e-02, 5.40143490e-01,
 -2.55985469e-01,-1.25537664e-02, 5.01150250e-01,-7.52539113e-02,
  7.53414035e-01, 2.51604855e-01, 1.91337764e-01,-3.19102138e-01,
 -2.43951932e-01,-3.49763721e-01,-2.21659929e-01,-4.63357270e-01]
