[[-0.0663547 ,-0.08219311, 0.03920734,-0.0856906 , 0.04957542, 0.04150502,
  -0.04657548, 0.03609929,-0.06264762, 0.03324736,-0.03049285, 0.12910444,
  -0.05574877, 0.03763177,-0.04691533,-0.03651436, 0.14372653, 0.0263836 ,
   0.03241655,-0.03932518, 0.03721058, 0.0339901 ,-0.03515884,-0.03625347,
   0.04027802, 0.04293102, 0.20647705,-0.06654485,-0.02705625,-0.02801559,
  -0.04043532, 0.03949615,-0.027196  , 0.05611191,-0.06709425,-0.23027022,
  -0.03101115, 0.15191786,-0.0306526 ,-0.03539659,-0.04025124, 0.04020493,
   0.28239274,-0.03288288, 0.22675176, 0.05041355, 0.03425023, 0.04403625,
   0.04590095, 0.05400257,-0.05307686, 0.03658402, 0.03685192, 0.06609505,
  -0.0390709 ,-0.02911957, 0.03186934, 0.03361915, 0.035862  ,-0.03844373,
  -0.03713056, 0.03381317, 0.03483215, 0.04303723]]
