[  0,  0,  0,  0,  0,  0,  0,  0,  0,  0,  0,  0,  0,  0,  0,  0,270,239,
 316,312,305,250,229,272,523,296,245,312,280,250,205,477,539,266,531,502,
 509,557,252,393,415,454,598,476,445,507,456,419,437,468,485,454,454,505,
 440,417,410,475,449,429,412,370,368,328,234,186,260,288,262,272,285,441,
 302,279,284,232,280,346,360,243,234,254,265,328,324,318,289,308,218,284,
 164,106,118,225,300,184,237,207,116,135,180,149,150,252,274,147,216, 69,
 149,212,202,248,215,178,191,244,241,142,227,216,365,384,317,299,266,334,
 412,395,366,325,288,340,357,194,391,371,327,303,351,261,295,385,308,330,
 315,306,241,300,308,251,337,237,372,163,149, 70, 84,186,200,317,305,311,
 287, 73,136,315,220,259,268,191,283,123,259,330,281,141,322,213,209,358,
 265,193,193,134,375,377,365,429,380,253,361,459, 92,292,287,135,134, 12,
 195,357,289,142, 99,  0,156,253,239,233,285,184,170,157,241,301,393,385,
 288,168,143, 64, 73,299,283,268,252,166,269, 69, 62,299,219,210,222, 77,
  31, 38, 38, 72,105,126,120, 28, 12,  2,  3, 88, 90,161,101,148, 67, 64,
  90, 88,166,352,418,254,174,145,155,284,331,261,279,256,183,178,214,250,
 307,236,265,242,276,150,267,259,259,268,113,200,229,144,149,280,257,295,
 226,179,155,101, 66,235, 73,227,201,230,168,255, 54,126, 97,198,177,235,
 234,303,227,209,211,269, 98,154,153,170,184,159,219,259,232,302,322,178,
 233,234,243, 86,  0,  0,  0,253,252,253,286,168,  0,  0,  0,323,342,321,
 272,185,  0,  0,  0,365,382,351,319,228,  0,  0,  0,374,383,367,357,266,
   0,  0,  0,302,343,324,304,260,  0,  0,  0,312,328,290,286,207,  0,  0,
   0,327,286,275,212,217]
