    [
       190,    198,    252,    219,    224,    237,    197,    216, 
       177,    217,    211,    219,    230,    204,    185,    136, 
        39,     70,      1,     54,    -27,     45,     13,     48, 
        -6,    175,    120,     19,     -2,     92,    108,    164, 
       215,    291,    124,    119,    130,     97,    280,   -185, 
       252,    277,    387,    216,    234,    347,    287,    170, 
       221,    201,    238,    177,    173,    243,    189,    139, 
       235,    224,    286,    290,    117,    176,    186,    171, 
    
      -122,   -205,   -164,   -207,   -145,   -102,    -87,    -74, 
      -111,   -114,    -39,     19,   -289,    -41,    -54,   -334, 
      -104,   -130,     82,   -100,    -56,    -28,    -48,   -128, 
      -139,     39,    -99,    -66,    -40,    -39,     -5,   -157, 
       -47,    -61,      5,   -101,    -98,    -20,   -106,    -39, 
       -30,    -79,     27,   -138,    -82,    -22,    -60,      2, 
       -63,    -28,    -67,    -29,    -36,   -176,    -31,    -56, 
        85,    -25,     84,     17,     40,    100,    -22,     57, 
    
        19,     77,    -31,     53,     47,     11,     25,    -48, 
        64,    -27,    -44,     16,     62,     47,    -11,      8, 
       -17,    -17,    -49,     42,     52,      8,     20,    -22, 
        15,    109,     -3,      6,     62,     43,     66,    -21, 
        30,     45,     58,     -2,     25,     57,    -14,    -38, 
        53,     63,    -83,     63,     93,    147,     25,     37, 
       -14,     92,    -13,     97,     19,    -23,     80,    -50, 
        85,     91,    148,    113,     25,    104,     57,    147, 
    
      -180,      8,   -177,     13,    -66,   -161,   -113,   -130, 
       -65,    -80,    -78,   -177,    -97,    -72,    -55,   -147, 
      -154,   -139,    -60,    -65,    -66,    -47,    -49,    -63, 
        38,   -120,   -136,   -172,   -146,    -73,      0,    -92, 
       -25,    -94,     -3,   -188,   -203,    -24,   -124,    -79, 
       -17,     16,    -68,    -28,   -174,    -48,   -119,     15, 
        57,    -18,    -57,   -416,    -47,   -150,   -148,    -16, 
        26,      7,   -311,      9,     85,    121,     58,    -27, 
    
       -31,    -63,   -211,    -62,    -84,   -112,    -79,    -48, 
       -92,    -86,    -57,    -82,    -68,    -66,    -48,   -106, 
       -38,    -21,    -42,    -21,     35,    -14,     17,    -46, 
       -75,     -9,     22,    -60,     71,    -28,     58,    -59, 
        26,    -59,     55,    -33,    -15,     74,      9,      4, 
        15,      6,    192,    209,     97,    165,    120,     45, 
        21,     63,     87,    109,    105,    105,    101,     64, 
        77,      1,    -27,      7,     61,    -15,     16,     55, 
    
        77,     97,    115,     59,   -102,   -179,    124,   -107, 
         0,      0,      0,    -19,    -63,    -89,    182,   -114, 
         0,      0,      0,     75,     21,     53,     11,     56, 
         0,      0,      0,    103,     35,     51,     48,     20, 
         0,      0,      0,     93,     97,     30,     77,     45, 
         0,      0,      0,     97,     95,     73,     74,     28, 
         0,      0,      0,     72,     35,     50,     40,     15, 
         0,      0,      0,     61,     47,    -24,      2,     43, 
    
    ]
