[ 1.6623379 ,-4.706887  ,-3.3421152 ,-0.9437639 ,-1.2797679 ,-3.1722329 ,
 -2.819615  , 1.0977927 ,-5.1779957 , 0.06981329, 0.14559239, 0.10354085,
  0.5165058 ,-4.7533126 ,-1.8240299 ,-1.8153387 ,-3.95031   , 0.6982004 ,
  1.8396797 ,-3.8966963 ,-1.4929659 ,-1.0979906 ,-3.9848266 , 1.2518615 ,
 -1.4422895 , 1.0957445 ,-4.5214014 , 0.583778  , 0.7146627 ,-2.4092674 ,
  0.7258473 ,-3.562075  ,-3.2116952 ,-4.643683  ,-1.2870811 , 0.47468716,
  0.2742492 ,-4.747758  ,-0.37874502, 1.5928358 ,-1.2096776 ,-2.5280135 ,
 -4.8816214 ,-2.6694381 ,-3.1424923 ,-3.8590374 ,-3.4039614 , 0.06200568,
 -2.8594916 ,-0.87944055,-1.8548287 , 0.49174416,-0.9653705 ,-1.4800804 ,
  0.7107818 , 0.9547635 , 0.84837425,-3.6877866 ,-1.533726  ,-3.4705806 ,
 -2.5392034 ,-0.36296982,-3.4152522 ,-0.5167694 ,-1.0001007 , 1.0080966 ,
 -2.388844  ,-0.77773774,-3.4362233 , 0.86870366,-0.59127724, 0.1807444 ,
 -2.7400403 ,-2.2293823 ,-3.345493  ,-3.0908208 ,-1.1140989 ,-5.7304893 ,
 -2.3033419 , 0.04480371,-1.1568465 ,-1.4974672 ,-2.9645786 ,-1.0516169 ,
 -3.2353516 ,-6.576251  ,-4.707453  ,-0.02239594, 0.7719756 ,-0.03283364,
  0.39095572,-0.64170456, 0.22495107,-3.2473073 ,-0.05531462,-3.377764  ,
 -3.0521936 , 0.6893496 , 0.77723086,-4.8112025 ,-2.4720078 ,-2.553976  ,
 -5.585605  ,-1.2085227 , 1.9684348 ,-2.6044557 ,-3.52866   ,-2.7226207 ,
  1.1332281 ,-3.9687445 ,-4.8181095 ,-2.2162275 , 0.6666389 ,-3.145089  ,
  0.76722395,-4.0996585 ,-2.4645967 ,-0.47300547,-1.5954374 ,-3.7748656 ,
  0.57264566,-2.7423797 , 0.78855896,-5.1407304 , 0.8535628 ,-4.5517106 ,
 -1.6400023 , 0.5606861 ,-3.5652106 , 0.42166826,-2.4852245 ,-3.7827306 ,
 -4.914604  , 0.67452693, 0.65081304,-1.5164403 ,-5.852311  , 0.7530102 ,
  1.0535724 ,-3.9865377 ,-5.0348144 , 2.0055878 ,-5.3747554 ,-3.4343004 ,
 -0.8019577 , 0.3868715 ,-5.6838603 ,-3.279066  , 0.55989885,-1.0709124 ,
 -3.5894485 ,-2.9660945 , 0.7957077 ,-2.574172  ,-1.0978181 ,-4.3108163 ,
 -6.0307384 ,-3.6259372 ,-3.4580662 ,-3.923822  ,-0.8954571 ,-3.364253  ,
 -5.2713594 ,-2.0930965 ,-2.165152  ,-4.0405874 , 0.05966412, 1.9413738 ,
  2.3365119 ,-2.0073206 ,-1.2588333 ,-5.4066205 ,-1.8164678 , 1.1183597 ,
  2.2151046 , 0.65141004, 2.4492717 ,-6.4750733 ,-1.7856975 ,-1.3109251 ,
 -0.41492665,-1.5028752 , 0.24219164,-1.205121  ,-5.8204546 ,-2.9755406 ,
 -1.5250189 ,-1.6278794 , 0.24086478,-4.6876917 ,-3.051521  ,-1.1794273 ,
  0.8717158 ,-1.8437756 , 1.1544003 ,-5.5742464 ,-0.39559016,-0.9895288 ,
  1.2006559 , 0.16862063,-1.6738966 ,-3.1110094 ,-3.0935507 ,-1.6603528 ,
 -0.57069653,-5.937623  ,-1.7398831 ,-3.7291982 ,-1.4151014 ,-3.3080876 ,
 -2.454748  ,-4.568365  , 0.6937395 ,-2.2456944 ,-4.210867  ,-3.4240847 ,
 -2.9454684 , 0.37014514, 0.79265845,-2.7946093 ,-0.6447288 ,-2.3384235 ,
 -8.031316  , 1.3322164 ,-3.3807044 ,-5.7558675 ,-2.4338465 , 0.6282963 ,
  0.06011144,-5.4783993 ,-0.9746271 ,-4.3237386 ,-4.4391284 , 1.255483  ,
 -5.8685083 ,-0.62444574,-2.57822   ,-2.360933  ,-0.3425134 , 0.3410689 ,
 -4.5478888 , 0.48827958,-0.10481051, 0.28906307, 0.54741347,-3.6617305 ,
 -1.9755601 , 0.5971412 ,-3.9405782 ,-3.0669625 , 0.17942294,-3.2773447 ,
 -0.9487166 ,-3.2016647 ,-2.9958663 , 1.4208398 ]
