    [
       685,    664,    592,    699,    690,    653,    646,    622, 
       527,    574,    550,    502,    674,    398,    512,    537, 
        24,   -119,     35,    -66,     25,   -104,   -106,    -78, 
       148,   -227,   -238,     22,    -28,   -339,   -126,    -54, 
       -53,     28,   -235,    257,    270,      7,     -8,    372, 
       118,     94,    -67,    166,    185,    -77,    119,    144, 
        67,    106,    103,    162,    135,    103,    107,     94, 
       303,    332,    398,    396,    251,    186,    189,    166, 
    
       658,    -82,     15,     11,    -25,    -26,      2,    595, 
       -39,   -119,   -114,   -241,    126,    -46,   -110,    399, 
      -119,    -90,    -80,    -28,     -4,      6,    -41,   -144, 
       -54,   -152,      9,   -150,    -98,     25,   -148,    -26, 
      -151,    -11,   -197,     12,     11,    -61,     59,   -153, 
        46,    -54,    -97,    -47,   -104,   -218,    -82,    -37, 
       160,    -18,   -298,   -205,    -72,   -144,    -40,     -2, 
        70,    406,    -36,     -2,    -71,   -111,    561,    123, 
    
       -92,   -135,     -3,    -74,     18,    -10,    110,    -99, 
      -164,      9,    -13,     82,    -25,    -26,     46,   -105, 
       -20,      7,     35,     14,     48,     14,    -55,      1, 
       -48,    -54,     17,     11,    -31,     14,    -33,    -19, 
       -35,    -31,   -156,     21,     11,   -173,      0,     25, 
      -139,    -15,     45,   -179,   -175,    -43,     19,    -47, 
        90,    -15,     27,   -151,     15,     35,     -8,     82, 
       100,    -85,   -132,   -107,     63,     27,    -42,    -38, 
    
       132,    -79,     79,    -93,   -102,     -1,    -35,   -105, 
      -169,   -147,   -119,     14,    -35,   -116,    -92,     42, 
       135,     40,   -100,    -68,    -32,    -50,     -2,     30, 
      -111,     72,     67,     92,     75,     23,    -83,     62, 
        50,     74,   -127,     82,     94,    -76,     54,     71, 
        55,    -43,    -24,    -60,    -70,    -57,    -55,   -287, 
      -114,   -111,   -115,    210,   -142,   -160,   -160,   -103, 
        13,    -20,    275,    -69,   -222,   -285,   -249,    -18, 
    
         7,    -11,   -147,    -11,     -2,    -41,    557,    631, 
        37,     14,      2,     19,     54,     72,     31,    570, 
       -96,     73,     62,     16,    -16,     82,    -24,    -59, 
        34,     19,    -25,     89,    -38,     57,    -26,     28, 
      -106,     67,      4,     86,     84,    -25,    -41,     -7, 
        18,     10,   -171,   -173,   -262,   -118,    -92,    -18, 
        12,    -32,    -78,   -121,   -124,    -65,    -59,    -14, 
        22,     27,     23,      0,   -108,      6,     21,     11, 
    
        -7,    362,    260,   -123,     43,     83,   -204,    -57, 
         0,      0,      0,    110,    105,    159,    -63,     50, 
         0,      0,      0,      2,     65,     26,     59,    -74, 
         0,      0,      0,    -41,     65,     51,     17,    -23, 
         0,      0,      0,    -50,    -59,     66,    -42,    -10, 
         0,      0,      0,    -23,    -34,    -34,    -54,    -31, 
         0,      0,      0,    146,     76,     26,     22,     34, 
         0,      0,      0,    341,    424,    247,    258,    573, 
    
    ]
