    [
       101,     86,     49,     45,     50,     53,     70,     83, 
        56,     47,     42,     35,     37,     38,     47,     59, 
        55,    118,     82,     70,     86,     97,     62,     95, 
       162,    137,    113,    147,     93,    168,    171,     52, 
        96,    131,     28,     93,     49,     77,     84,     34, 
       117,     47,     68,     76,     42,    104,     62,    108, 
       107,     96,     69,     76,     72,     52,     73,    135, 
       162,    112,     45,    105,      5,     59,    105,    131, 
    
       114,    144,    119,     93,     68,    113,      0,    120, 
       143,    141,    130,    105,    120,    123,     84,    119, 
        79,    119,     83,     98,     74,     30,    106,    116, 
       126,    104,    182,    161,    182,    108,    122,    103, 
       109,    141,    118,     46,    127,    107,    160,    135, 
       131,     86,    193,    224,    229,     27,    148,    126, 
       142,    140,     96,    106,    179,    182,    136,     82, 
       115,    107,    119,    124,    113,    106,     86,    103, 
    
       117,     76,     92,     76,     52,     60,     76,     94, 
       101,    108,    118,     74,     59,     61,    117,     62, 
       128,    111,    119,    104,    100,    107,     78,     81, 
       108,    116,    161,    138,    166,    133,    117,    102, 
       160,     69,    131,     87,    177,    144,    124,     94, 
        85,     81,    101,    140,    177,    112,    132,     52, 
       130,    157,    128,    114,    153,    101,     32,    110, 
       110,    119,    130,    125,    103,    125,    125,    124, 
    
       115,    135,    155,     95,    140,     89,    114,    102, 
       158,    184,    222,    186,    172,    155,    142,    113, 
       129,    156,    198,    193,    107,    135,    131,    116, 
       129,    265,    234,    220,    181,    154,    192,    169, 
       225,    235,     92,    263,    230,    233,    119,    206, 
       243,    259,    286,    204,    197,    190,     98,    183, 
       235,    281,    278,    278,    245,    168,    237,    249, 
       215,    247,    250,     18,    237,    196,    170,    174, 
    
       137,     78,    152,    118,    109,     90,     11,     86, 
       119,    158,    117,    112,    103,     86,    105,     51, 
       140,    140,    212,     61,    198,    130,    148,    153, 
       106,    211,    174,    145,    144,     98,    205,    156, 
       187,    160,     47,    207,    212,     61,    164,    141, 
        61,     49,     43,    233,    222,    233,     50,    158, 
       124,    125,    172,    194,    208,    148,    186,     62, 
       102,    147,    182,    164,    135,    170,    121,    164, 
    
        44,    -55,    -39,    108,     96,    164,     78,     55, 
         0,      0,      0,     71,    110,    119,    102,    136, 
         0,      0,      0,    127,    137,    156,    143,    110, 
         0,      0,      0,    100,    113,    141,    142,    129, 
         0,      0,      0,    102,    120,    122,    127,    119, 
         0,      0,      0,    120,    107,    120,    139,    107, 
         0,      0,      0,     77,     94,     95,    112,     85, 
         0,      0,      0,     33,     48,     57,     55,     50, 
    
    ]
