[  3.163559  , -6.5477095 , -1.2071574 ,  1.4395552 , -4.6399455 ,
  -3.0270176 ,-10.471365  ,  1.888501  ,  4.459257  ,  1.4781694 ,
  -6.010414  ,  1.9002764 , -9.440139  ,  1.5042577 ,  0.56783307,
  -8.591173  , -9.430406  ,  4.19352   ,  3.179669  , -5.5853004 ,
   2.0702255 , -0.9398843 , -2.5330224 ,  1.3673804 ,  1.1857271 ,
   1.5466496 , -8.638898  ,  3.5387743 , -1.6186638 , -2.6708312 ,
  -2.2652028 , -5.755525  , -2.3533936 , -9.246298  ,  2.175224  ,
 -14.551383  , -5.092454  , -3.9871333 , -6.4186974 , -2.8844461 ,
 -14.754771  ,-11.222221  , -7.5922904 ,  1.1718278 , -4.539128  ,
   1.1211872 , -7.881936  , -3.637085  ,  0.8150146 , -3.1813376 ,
  -2.7846465 , -7.202325  ,  0.7099771 , -1.1754197 , -4.5545244 ,
   0.73522437,  0.46972364, -7.505147  ,  0.7649557 , -1.1768094 ,
  -5.3678594 ,-12.585152  ,-11.634509  , -8.769373  ,-11.620681  ,
  -8.074032  ,  1.2730794 ,  1.708175  , -2.379617  ,-13.450339  ,
   0.90508956, -2.882825  , -7.7326555 , -0.38163894,-10.207495  ,
  -2.9646518 ,-12.257067  , -2.2662268 ,  0.19229834, -7.905688  ,
  -7.188854  ,  2.112746  ,  1.2487309 , -1.447706  , -8.201827  ,
   1.7804149 ,  0.4960789 ,-11.639541  , -8.505349  ,  4.424912  ,
   4.2653046 , -1.349062  ,-14.3208885 , -8.052938  ,-10.376457  ,
   1.010298  , -0.4262933 , -9.741914  ,  1.4586312 ,  2.5575771 ,
  -6.4636974 , -7.6201634 ,  1.8799167 ,-10.204064  , -3.180481  ,
  -5.3151445 , -7.214443  , -2.1506486 ,  2.756505  ,  0.8442529 ,
   0.95488447,  0.35641098,-10.920085  ,  7.342744  ,  1.0625237 ,
  -5.501384  , -4.072501  ,  0.55298793, -5.3236175 ,  3.811606  ,
   0.67123693,  1.2402227 ,-12.375914  , -3.138882  ,  1.2728447 ,
  -6.550647  ,-14.2866125 ,-10.456957  ]
