[[-4.78481412e-01,-3.87247801e-01, 5.42464340e-03,-2.82528639e-01,
   3.44027951e-02,-1.55713692e-01, 1.69257045e-01,-2.29121864e-01,
   4.33893263e-01,-1.55426130e-01,-2.54317701e-01,-2.26186931e-01,
  -4.24131721e-01,-1.98250934e-01,-1.75476551e-01,-1.25238866e-01,
  -2.33200803e-01, 4.05053794e-02,-8.29140469e-02,-3.27529311e-01,
  -2.19112337e-01,-1.84308857e-01,-2.65603274e-01,-3.64336282e-01,
  -2.17614114e-01,-1.84130877e-01,-3.01556081e-01, 5.05920611e-02,
  -9.37240124e-02,-2.21495911e-01, 5.24604693e-02,-2.69630641e-01],
 [-1.64675128e+00,-9.60776985e-01,-1.54089630e+00,-1.53302395e+00,
  -9.52078819e-01,-1.00678062e+00,-8.43913376e-01,-1.29493940e+00,
  -1.03371990e+00,-1.98084044e+00,-9.32340920e-01,-1.20428550e+00,
  -1.03772795e+00,-2.04140544e+00,-1.63959336e+00,-2.00561237e+00,
  -1.19658983e+00,-2.51659900e-01,-1.50698674e+00,-1.90219998e+00,
  -2.11947918e+00,-1.51347899e+00,-1.60859287e+00,-1.85764337e+00,
  -1.52828813e+00,-1.99424231e+00,-1.79724431e+00,-9.98347282e-01,
  -1.49173844e+00,-2.29170156e+00,-1.78168023e+00,-1.31485844e+00],
 [-6.18747361e-02,-3.69394332e-01,-4.08158377e-02,-1.66822582e-01,
   6.33337125e-02,-1.44891366e-01,-9.20487493e-02,-2.03560099e-01,
   2.26502612e-01,-2.17196658e-01,-1.15875877e-01,-2.39675805e-01,
  -1.26122653e-01,-8.49431604e-02,-1.32408097e-01,-7.10329860e-02,
  -4.80638854e-02,-6.15984201e-02,-1.47452936e-01,-1.13827360e+00,
  -1.41129360e-01,-1.34891436e-01,-3.13258439e-01,-2.87346572e-01,
  -1.73966885e-01,-7.82116726e-02,-1.45195231e-01,-1.05954938e-01,
  -6.60706013e-02,-1.35059446e-01,-1.14115700e-01,-2.17004746e-01],
 [ 2.37159133e-02,-4.65305120e-01,-3.16858329e-02,-3.26997250e-01,
  -1.64774165e-01,-2.49770880e-01, 1.35958254e-01,-7.04340860e-02,
  -4.42467839e-01,-2.29449600e-01,-2.86741018e-01,-9.30319279e-02,
  -2.61633128e-01,-2.24165723e-01,-2.42090002e-01,-1.35282189e-01,
  -9.80345234e-02, 3.04919124e-01,-3.35364014e-01,-1.40633851e-01,
  -2.30760559e-01,-1.99564993e-01,-3.23858351e-01,-3.40620667e-01,
  -3.84297431e-01,-3.78017992e-01, 1.67049736e-01, 9.34866428e-01,
   8.66042264e-03,-7.57552981e-01, 1.98714778e-01,-3.07781875e-01],
 [-2.66834021e-01,-2.91214615e-01,-2.10778505e-01, 3.05734783e-01,
  -3.30715299e-01,-3.62721592e-01,-3.58989120e-01,-1.95212603e-01,
  -2.92872250e-01,-1.80401787e-01,-2.61436045e-01,-3.10515702e-01,
  -1.34313703e-01,-1.83801502e-01,-2.14945406e-01,-2.40536034e-01,
  -3.06994975e-01, 1.11463821e+00,-1.94585755e-01,-2.74516404e-01,
  -2.71446586e-01,-1.37103111e-01,-1.87911466e-01,-1.96258780e-02,
  -1.57927066e-01,-3.87622900e-02,-3.54627013e-01,-1.87119782e-01,
  -1.80485189e-01,-1.21316753e-01,-1.64566889e-01,-2.50621498e-01],
 [-1.67207375e-01,-3.05304766e-01, 3.79761606e-02, 6.55977011e-01,
   1.82256356e-01,-4.18144733e-01,-7.65421465e-02, 4.49107252e-02,
   1.66250691e-01,-2.59029120e-01,-3.36892217e-01,-9.07346457e-02,
  -4.14523721e-01,-3.89363855e-01,-1.95529386e-01,-2.19644859e-01,
  -3.02443057e-01,-1.96357161e-01,-5.94670624e-02,-9.24065709e-02,
   6.22851737e-02,-3.72193158e-01,-1.84806705e-01,-1.06937319e-01,
  -2.27873236e-01,-3.62445176e-01,-4.84435320e-01,-9.83186364e-02,
  -1.77502632e-01,-2.66113013e-01,-1.40843630e-01,-1.89200178e-01],
 [-4.71572839e-02,-3.52112293e-01,-1.94255757e+00,-2.21094396e-02,
  -4.32750620e-02,-1.93267256e-01,-1.31174907e-01, 1.81136448e-02,
   2.51945853e-01,-8.18006247e-02,-1.68736726e-01,-1.53741464e-01,
  -1.30463153e-01,-1.42896682e-01,-1.09531291e-01,-1.31017551e-01,
  -1.62787348e-01,-4.09058064e-01,-9.00471509e-02, 6.31306842e-02,
  -1.72745913e-01,-1.23672962e-01,-1.03418939e-01,-1.83668002e-01,
  -1.50583208e-01, 1.42439930e-02,-8.32096487e-02,-1.40691206e-01,
  -5.70059568e-02,-1.51188284e-01,-1.01449259e-01,-2.00061336e-01],
 [-1.93990871e-01,-2.84629583e-01, 1.81137830e-01, 3.01464826e-01,
   1.03500158e-01,-4.52963531e-01,-5.20900674e-02,-4.13211361e-02,
  -1.51546597e-01,-2.78354138e-01,-2.77819574e-01,-1.57844365e-01,
  -2.58854836e-01,-1.95641384e-01,-1.74486324e-01,-2.36926407e-01,
  -2.88377553e-01, 1.53355896e-01,-1.25393376e-01,-2.11209461e-01,
  -1.23129383e-01,-6.37505651e-01,-1.59153119e-01, 6.85249716e-02,
  -2.00345397e-01,-3.91482532e-01,-3.40222895e-01,-1.26783118e-01,
  -1.71256155e-01,-1.64322570e-01,-1.40785024e-01,-2.78842419e-01],
 [-5.45404673e-01,-3.61981422e-01,-9.59983915e-02,-1.29917040e-01,
  -2.17748195e-01,-2.05834776e-01, 1.49460673e-01, 7.39889219e-02,
   5.11492826e-02,-1.94569916e-01,-8.57101232e-02,-1.76606655e-01,
  -1.82123706e-01,-5.71162514e-02,-1.91434368e-01,-1.64593935e-01,
  -3.55663955e-01,-2.87802313e-02,-1.82719767e-01,-5.41282713e-01,
  -2.16639727e-01,-1.76363781e-01,-2.47782752e-01,-2.75649130e-01,
  -1.86648563e-01,-1.46118417e-01,-2.20618531e-01,-4.07665633e-02,
  -1.06648356e-01,-1.10617965e-01,-3.17097396e-01,-2.51799911e-01],
 [-1.51218653e+00,-4.43618655e-01,-6.63240030e-02,-2.99086571e-01,
  -1.96735561e-02,-1.51672587e-01, 1.79743782e-01,-2.81967074e-01,
   4.31577414e-01,-2.33981296e-01,-2.22497150e-01,-2.19320253e-01,
   2.37058446e-01,-2.71032542e-01,-1.55651525e-01,-1.49081811e-01,
  -3.36072803e-01,-8.74881446e-02,-1.89347595e-01, 2.07706094e-01,
  -1.93965137e-01,-2.05904469e-01,-3.29051316e-01,-3.77706409e-01,
  -2.93895543e-01,-1.41993061e-01, 1.03662657e-02, 2.07689335e-03,
  -6.65675700e-02,-2.66859114e-01,-8.51411894e-02,-3.21805567e-01],
 [-1.11531138e-01,-3.18742573e-01,-1.10479780e-01,-1.62628368e-01,
   1.10711746e-01,-1.77172333e-01,-1.08836569e-01,-5.31219691e-02,
   2.13447347e-01,-2.20007628e-01,-2.01329842e-01,-1.77796215e-01,
  -1.46250710e-01,-1.11090839e-01,-1.13164216e-01,-1.26772940e-01,
  -1.54590279e-01,-5.90004735e-02,-1.70254394e-01,-1.87953681e-01,
  -1.48191288e-01,-1.27299085e-01,-2.39432290e-01,-2.40864202e-01,
  -1.73126549e-01,-1.55171394e-01,-1.59867063e-01, 5.30771352e-02,
  -1.13674939e-01,-1.59940332e-01,-1.64342809e+00,-2.50587672e-01],
 [-3.27785283e-01,-1.27519131e-01,-1.58397108e-01,-3.10500950e-01,
  -1.48622930e-01,-1.77835509e-01,-2.53843695e-01,-2.58972526e-01,
  -3.29193830e-01,-1.92469433e-01,-2.13985771e-01, 1.06018627e+00,
  -3.31790447e-01,-1.90093473e-01,-2.78462857e-01,-1.67940959e-01,
  -3.03911150e-01, 3.04946065e-01,-1.34372786e-01,-3.65203947e-01,
  -1.32306367e-01,-1.40403479e-01,-2.33220324e-01,-1.81379214e-01,
  -2.00074792e-01,-2.49315262e-01,-2.40386084e-01,-1.23091407e-01,
  -8.26092735e-02,-2.11527556e-01,-1.70803055e-01,-2.36325741e-01],
 [-1.31318450e-01,-2.76787341e-01,-2.06607670e-01, 1.34982139e-01,
  -2.71188356e-02,-2.46803463e-01,-2.10146531e-01, 3.82685438e-02,
   6.49778247e-02,-9.94901210e-02,-1.87115774e-01,-1.41851798e-01,
  -2.88442336e-02,-1.23098582e-01,-7.74480104e-02,-1.40390232e-01,
  -1.93001673e-01,-1.70349717e-01,-1.00029223e-01,-1.19724602e-01,
  -2.03300619e+00,-1.93516597e-01,-2.08106190e-01,-9.11803842e-02,
  -1.30557835e-01,-1.39296189e-01,-1.47079736e-01,-9.05588493e-02,
  -1.04141541e-01,-7.31891021e-02,-6.20600246e-02,-2.07580581e-01],
 [-2.13221833e-01,-2.91744709e-01,-2.00600520e-01,-3.43731523e-01,
  -1.23641558e-01,-1.37718454e-01,-7.65042230e-02,-3.09906095e-01,
  -1.81873366e-01,-2.98241675e-01,-2.74302572e-01,-1.58263996e-01,
  -1.70251459e-01,-2.89503396e-01,-2.74666369e-01,-1.62872642e-01,
  -2.33329624e-01,-1.67888165e-01,-2.28243709e-01,-1.76461443e-01,
  -1.34792939e-01,-1.70366153e-01,-1.35618165e-01, 1.07198191e+00,
  -2.58483648e-01,-2.48076573e-01,-2.56217390e-01,-5.59416227e-02,
  -1.56810418e-01,-2.83692747e-01,-5.07689640e-02,-2.77090549e-01],
 [-2.06414133e-01,-2.52308071e-01,-8.52363706e-02, 9.11258757e-02,
  -6.75783753e-02,-2.92245656e-01,-1.30632877e-01,-2.23349869e-01,
  -9.24393386e-02,-2.23638281e-01,-3.28209847e-01,-2.58353710e-01,
  -8.96954685e-02,-4.07349706e-01,-2.32520461e-01,-2.52974510e-01,
  -2.16178611e-01,-6.25813365e-01,-9.35422778e-02,-1.98111072e-01,
  -3.07931513e-01,-2.62197971e-01, 1.25128067e+00,-1.10519886e-01,
  -3.06252629e-01,-2.49810323e-01,-2.95793861e-01,-2.58233845e-01,
  -2.43703961e-01,-1.61659598e-01,-2.15139687e-01,-3.50569099e-01],
 [-3.49039704e-01,-1.27481461e-01, 1.03051402e-01, 4.47462857e-01,
   3.13136615e-02,-1.72453567e-01, 2.20839642e-02,-2.42034748e-01,
  -3.37831885e-01,-1.23134412e-01,-4.11738515e-01,-1.14468746e-01,
  -3.90186816e-01,-5.52794814e-01,-2.95535803e-01,-2.61889964e-01,
  -3.14836562e-01, 4.33947751e-03,-1.80721998e-01,-4.16984588e-01,
  -1.66938946e-01, 5.30757606e-01,-4.17984217e-01, 2.71730758e-02,
  -2.83154398e-01, 9.06745195e-02,-6.16814017e-01,-1.57326549e-01,
  -2.32491627e-01,-2.64732927e-01,-2.58359462e-01,-1.07380904e-01],
 [ 1.00864224e-01,-2.39419773e-01,-9.66089219e-02, 1.57089040e-01,
  -1.25604466e-01,-2.97833949e-01, 4.05479789e-01,-3.47662419e-01,
   3.40694696e-01,-2.75043577e-01,-3.21050704e-01,-6.07687645e-02,
  -2.30388239e-01,-4.32073534e-01,-4.51308817e-01,-2.38300294e-01,
  -6.55774325e-02,-1.65412687e-02,-1.70643762e-01,-3.18794191e-01,
  -2.30378404e-01,-3.37997943e-01,-2.10195959e-01,-2.24871710e-01,
  -4.34597403e-01,-3.72526199e-01, 3.72415856e-02,-2.55601108e-02,
  -2.89348483e-01, 1.53783083e-01,-5.81488088e-02,-3.68518263e-01],
 [ 1.08740419e-01,-2.74968028e-01,-1.22233562e-01,-2.28836834e-01,
  -2.39991128e-01,-2.02152058e-01, 1.43826470e-01,-2.65862167e-01,
   5.05089104e-01,-2.88721472e-01,-1.10967666e-01,-2.00045809e-01,
  -3.60086799e-01,-1.77909270e-01,-2.72284657e-01,-1.30994961e-01,
  -1.48226351e-01,-6.89379778e-03,-2.01087892e-01, 1.93137079e-02,
  -2.35263094e-01,-2.24687085e-01,-1.82447836e-01,-3.40791553e-01,
  -2.74870038e-01,-2.86416441e-01,-1.03785086e+00, 7.23107979e-02,
  -1.04798675e-01, 8.69995505e-02, 1.52946189e-01,-3.30819160e-01],
 [-1.06308568e+00,-2.70394892e-01,-1.00921467e-01, 1.16784103e-01,
  -1.28419459e-01,-2.57879347e-01,-3.17180008e-01,-3.15780431e-01,
  -2.04769284e-01,-3.00574094e-01, 1.17562138e-01, 2.43139286e-02,
  -1.55627504e-01,-3.31231058e-01,-1.59663096e-01,-2.98888922e-01,
   1.14488101e+00,-7.05985427e-02,-2.48289302e-01,-1.39045581e-01,
  -6.91364035e-02,-2.67781079e-01,-3.44279736e-01,-2.64368832e-01,
  -1.35078311e-01,-1.11748546e-01,-4.41019833e-01,-3.43622059e-01,
  -2.17276230e-01,-1.14174359e-01,-9.82375443e-02,-3.33991677e-01],
 [-1.03443466e-01,-2.32405633e-01,-1.15211017e-01,-1.81339622e-01,
  -9.58706662e-02,-1.33341655e-01,-6.97588250e-02,-9.60215330e-02,
  -1.30603020e-03,-1.97679803e-01,-1.43508211e-01,-9.19640213e-02,
  -1.71416342e-01,-9.45742577e-02,-1.02650292e-01,-1.18608117e-01,
  -1.81044176e-01,-9.13093612e-02,-2.03194618e+00,-1.70569941e-02,
  -9.43319947e-02,-7.46726617e-02,-2.52583325e-01,-2.29170769e-01,
  -1.35642663e-01,-6.17957786e-02,-1.63893163e-01,-1.04272224e-01,
   2.19483133e-02, 1.42436335e-02,-1.15906075e-02,-2.52025038e-01],
 [-7.76883066e-02,-2.61714906e-01,-9.71294940e-02, 1.94432393e-01,
  -3.02025173e-02,-3.21148634e-01,-2.55098164e-01,-2.53708079e-03,
   6.70546368e-02,-1.29353210e-01,-1.94978029e-01,-8.90197679e-02,
  -7.89779276e-02,-9.23762098e-02,-2.72735562e-02,-1.90493238e+00,
  -1.85022727e-01,-1.24722145e-01,-1.20127544e-01,-2.34325439e-01,
  -1.66617051e-01,-1.23606026e-01,-2.29370564e-01,-2.79003493e-02,
  -1.10381469e-01,-1.07905582e-01,-1.34625882e-01,-1.20902210e-01,
  -3.70574556e-02, 5.55031467e-03,-1.01966061e-01,-1.56621858e-01],
 [-2.11153746e-01, 9.57584321e-01,-1.59306020e-01, 3.66714187e-02,
  -1.50579050e-01,-3.50487202e-01,-2.52381980e-01,-1.56554893e-01,
  -1.29736394e-01,-2.22163051e-01,-2.78792888e-01,-1.96935862e-01,
  -2.54218310e-01,-2.68434644e-01,-1.55972749e-01,-2.17081085e-01,
  -2.38023043e-01,-2.56126046e-01,-1.70336619e-01,-2.76005685e-01,
  -9.45811644e-02,-2.88496673e-01, 7.50971511e-02,-8.70458111e-02,
  -2.88252890e-01,-1.18405811e-01,-2.48886719e-01,-4.92641814e-02,
  -1.63038015e-01,-4.92497921e-01,-1.11407757e-01,-3.40199381e-01],
 [-2.96632368e-02,-2.54819334e-01,-1.37176454e-01,-3.10342642e-03,
  -9.04315561e-02,-2.06505919e+00,-1.87097281e-01,-7.01098051e-03,
   5.35349175e-02,-9.79134664e-02,-1.37141123e-01,-1.70496166e-01,
  -1.64490417e-01,-6.25928566e-02,-4.37705554e-02,-1.46609932e-01,
  -2.05770493e-01,-1.82657063e-01,-8.17493424e-02,-7.15629905e-02,
  -1.77787751e-01,-1.92071363e-01,-6.43954054e-02,-1.46442592e-01,
  -1.33044928e-01,-6.72907904e-02,-8.21992531e-02,-1.64778560e-01,
  -2.52429470e-02,-2.29258649e-02,-8.26138183e-02,-1.76705569e-01],
 [-5.16191833e-02,-4.14946526e-01,-1.71879172e-01,-8.95977020e-02,
  -2.30208486e-02,-1.62702009e-01,-2.15660289e-01, 2.38333438e-02,
   1.60790682e-02,-1.06928214e-01,-1.60411626e-01,-1.50832564e-01,
  -1.67165652e-01,-5.37318140e-02, 1.90024897e-02,-1.22438595e-01,
  -2.18108982e-01,-6.01064749e-02,-1.06764793e-01, 1.18997069e-02,
  -1.93980291e-01,-1.44961381e+00,-1.81790590e-01,-1.81045920e-01,
  -1.42554894e-01,-1.08063616e-01,-1.18202947e-01,-1.51305079e-01,
  -6.74713850e-02,-6.90542907e-02,-5.05723283e-02,-2.01918423e-01],
 [-2.14704555e-02,-3.22918653e-01,-3.65312770e-02,-1.21496193e-01,
  -2.01840311e-01,-1.54544801e-01, 1.98510379e-01,-2.11786345e-01,
   3.34847718e-01,-1.62925571e-01,-2.36426115e-01,-1.29148737e-01,
  -4.30454612e-01,-8.31491128e-02,-2.07091853e-01,-1.90798640e-01,
  -1.79994285e-01, 9.40118916e-03,-1.25381440e-01,-1.98804379e-01,
  -2.09834367e-01,-3.90582718e-02,-2.61447221e-01,-2.50275224e-01,
  -2.70551950e-01,-7.51210451e-02, 6.75069466e-02,-3.84641439e-01,
  -1.08413920e-01,-4.57863778e-01,-5.97751960e-02,-2.48161033e-01],
 [ 1.15081027e-01,-4.06120896e-01,-2.71585286e-02,-2.81078547e-01,
  -1.32877007e-01,-1.13592349e-01, 2.45767236e-02,-5.29701300e-02,
  -2.19205879e-02,-1.63843244e-01,-8.82421136e-02,-1.71317875e-01,
   4.76198852e-01, 1.41473740e-01, 1.65842213e-02,-1.88791960e-01,
  -1.67524457e-01,-1.09804720e-01,-1.78463861e-01,-1.22892924e-01,
  -1.99187472e-01,-4.35201377e-02,-2.78208047e-01,-3.19304645e-01,
  -1.80978030e-01,-1.83604762e-01,-6.52162254e-01,-3.56791347e-01,
  -1.58409625e-01,-7.58890212e-01,-1.52941585e-01,-1.87893391e-01],
 [-1.40054032e-01,-3.01203668e-01,-2.83266082e-02,-3.70324314e-01,
  -1.56726509e-01,-1.37069046e-01,-2.97787160e-01, 8.00703466e-03,
   7.65058324e-02,-2.11534023e-01,-1.58342540e+00,-1.62132487e-01,
  -1.69849411e-01, 1.50331199e-01,-9.19625461e-02,-6.37809262e-02,
   9.76491719e-02,-9.78433564e-02,-1.74478572e-02,-1.57902420e-01,
  -1.30742908e-01,-9.48537365e-02,-2.80060142e-01,-2.81914562e-01,
  -1.78189442e-01,-1.03909515e-01, 3.60481627e-02,-2.73161214e-02,
  -2.31994744e-02,-1.86295494e-01,-1.58130318e-01,-2.58120388e-01],
 [ 6.34731725e-02,-2.90259480e-01,-5.76532967e-02,-2.82235175e-01,
  -1.19204231e-01,-1.20894961e-01,-1.63214356e-01,-9.57983285e-02,
  -5.29048443e-02,-1.19873427e-01,-2.26734161e-01,-2.36052256e-02,
  -3.51437926e-02, 3.87538932e-02,-2.19754540e-04, 2.45022252e-02,
  -2.37812370e-01,-1.19548835e-01,-3.48700762e-01,-3.25996839e-02,
  -1.50728211e-01,-1.79392546e-02,-3.12974274e-01,-3.43877524e-01,
  -1.55435652e-01,-6.41473159e-02,-5.02247624e-02,-5.03756739e-02,
  -1.88917398e+00,-7.65159279e-02, 1.87678554e-03,-2.33099163e-01],
 [-9.91304740e-02,-1.68279350e-01,-1.41714483e-01, 1.66983083e-01,
  -8.01871717e-02,-2.42731884e-01,-2.91600376e-01,-4.04871040e-04,
  -1.24651313e-01,-9.45832953e-02,-2.08560109e-01,-1.63430899e-01,
  -1.50460958e-01, 6.80402592e-02,-4.48934995e-02,-2.12795153e-01,
  -1.92142233e-01,-1.00885481e-01,-5.02161421e-02,-3.59928161e-02,
  -2.46783599e-01,-4.31700647e-02,-2.35326186e-01,-1.35766909e-01,
  -1.76834571e+00,-7.84083307e-02,-1.63790047e-01,-1.21722765e-01,
   6.73260121e-03, 1.01278879e-01, 9.25759040e-03,-2.17536077e-01],
 [-1.07603215e-01,-1.56080410e-01,-1.23483606e-01, 1.29806250e-01,
  -5.87336496e-02,-1.43467069e-01,-1.91467628e-01,-9.87530872e-02,
  -1.26102045e-01,-1.01510704e-01,-1.84941530e-01,-1.23446047e-01,
  -1.61267146e-01,-1.09902352e-01,-2.88752262e-02,-8.84374976e-02,
  -2.40100145e-01,-1.87574953e-01,-6.72325045e-02,-2.66003348e-02,
  -1.18738279e-01, 6.28254027e-04,-2.08750322e-01,-6.00881428e-02,
  -1.35365769e-01,-6.54221401e-02,-1.66203082e-01,-2.03523368e-01,
  -1.01486914e-01,-9.03901160e-02,-5.83468527e-02,-1.65047622e+00],
 [-1.07606888e-01, 1.17491223e-02,-1.89710304e-01, 2.07117334e-01,
  -8.44047666e-02,-2.11581171e-01, 7.88051188e-02,-1.71767145e-01,
  -4.40454215e-01,-7.08972514e-02,-3.65351468e-01,-1.25827461e-01,
  -1.09852053e-01,-1.81009442e-01,-2.07764402e-01,-1.99206233e-01,
  -1.49766952e-01,-8.99255425e-02,-1.33963838e-01,-2.31793582e-01,
  -1.46384388e-01, 2.71857172e-01,-1.95015773e-01,-1.03278913e-01,
  -2.59270161e-01,-8.21660638e-01,-2.46126592e-01,-2.80417860e-01,
  -1.60299167e-01, 3.35215420e-01,-1.96175411e-01,-2.45110437e-01],
 [-1.04534954e-01,-2.92142153e-01,-1.80450067e-01,-1.09715581e-01,
   1.35971501e-01,-4.25962508e-02,-3.33176136e-01,-3.50090265e-01,
  -7.30906576e-02,-3.01648557e-01,-1.69066325e-01,-1.37881368e-01,
  -4.98953611e-02, 3.41699272e-02,-1.23004600e-01,-1.47914529e-01,
  -1.78701952e-01,-8.16696510e-02,-1.10492527e-01,-1.63434088e-01,
  -1.75184727e-01,-1.66196804e-02,-2.01606840e-01,-3.13518852e-01,
  -1.43029749e-01,-4.23747420e-01,-1.79452926e-01,-7.81162456e-02,
  -3.15107219e-02,-7.13181198e-02,-2.78574023e-02,-2.94628203e-01],
 [-3.61813366e-01,-2.14723989e-01,-1.70112878e-01,-1.58307984e-01,
  -2.77674168e-01,-2.36183420e-01,-4.04108047e-01, 4.25024256e-02,
  -2.07189340e-02,-2.26729840e-01,-3.24061185e-01,-1.80890992e-01,
   2.01433048e-01,-3.10495526e-01,-3.04155469e-01,-1.37516364e-01,
  -2.33371809e-01,-1.41048580e-01,-1.53663084e-01,-5.47088504e-01,
  -1.80895701e-01,-2.22599909e-01,-2.68716544e-01,-2.19249725e-01,
  -2.34128907e-01,-4.94285785e-02,-2.64792114e-01, 4.31465268e-01,
  -1.63894951e-01, 4.87843752e-01,-1.69672146e-02,-3.85823846e-01],
 [-4.30405855e-01,-2.77317494e-01,-1.59775674e-01,-7.01813221e-01,
  -2.88386256e-01,-9.84679163e-02,-3.03262055e-01, 1.24946371e-01,
   1.49857253e-01,-2.04555437e-01,-1.67433977e-01,-2.56660610e-01,
  -1.36212215e-01,-2.92635202e-01,-1.23249386e-02,-4.30671759e-02,
  -2.58362472e-01,-1.71290413e-01,-1.38409123e-01,-2.09085658e-01,
  -2.70769507e-01,-2.08451569e-01,-2.53261656e-01,-3.61916989e-01,
  -1.96417361e-01,-2.24744856e-01,-3.70929420e-01, 5.09293556e-01,
  -5.20478673e-02, 5.21673918e-01,-6.23695999e-02,-3.27410549e-01],
 [-1.31869465e-01,-3.84775966e-01,-1.48930743e-01,-3.08180898e-01,
  -1.85591474e-01,-1.63637459e-01,-5.36714554e-01,-3.03755790e-01,
   2.77179897e-01,-1.35389954e-01,-1.88739032e-01,-1.77293584e-01,
   1.52678713e-01,-1.00175560e+00,-1.23135731e-01,-5.78195155e-02,
  -1.88175544e-01,-1.30448237e-01,-9.41339806e-02,-7.37718195e-02,
  -1.97835043e-01,-1.00082800e-01,-2.68022478e-01,-2.94850737e-01,
  -2.32095286e-01, 1.05448835e-01,-1.32881194e-01, 1.49038091e-01,
   1.72967359e-01,-3.49474475e-02,-6.32286817e-02,-2.85587043e-01],
 [ 6.24254979e-02,-3.32160801e-01,-3.14603448e-02,-5.48406422e-01,
  -6.26886189e-02,-2.23749783e-02,-1.30882844e-01, 4.10065472e-01,
  -9.51006040e-02,-1.83947593e-01, 1.85509205e-01,-2.42992371e-01,
  -4.19409811e-01,-8.12196910e-01, 1.20532744e-01,-1.07403651e-01,
  -1.98649943e-01,-6.13410100e-02,-1.59487620e-01,-1.24992169e-01,
  -2.58918613e-01,-7.15367049e-02,-1.71858892e-01,-3.27321887e-01,
   1.64510515e-02,-5.13141036e-01, 9.39223766e-02,-5.26266158e-01,
  -9.13028941e-02,-2.17675298e-01,-2.56335065e-02,-1.87866941e-01],
 [-6.33210242e-02,-1.13909587e-01,-7.89058879e-02,-2.99166739e-01,
  -1.10764995e-01,-9.28532034e-02,-4.35104162e-01, 4.22701589e-04,
  -7.49642998e-02,-1.06314637e-01,-9.91020631e-03,-2.01078072e-01,
  -2.93178149e-02, 4.05948684e-02,-1.54763722e+00,-8.95271972e-02,
  -2.19651461e-01,-1.35382399e-01,-7.32832551e-02, 3.14850546e-02,
  -1.93911076e-01,-4.71196361e-02,-2.46491790e-01,-2.71646887e-01,
  -2.31522098e-01, 2.29145703e-03,-1.39672652e-01,-1.62417337e-01,
   8.02504495e-02,-4.55374233e-02,-3.01415659e-02,-1.81617007e-01],
 [-1.08038448e-01,-1.67677298e-01,-6.28909990e-02,-1.84095159e-01,
  -6.11684173e-02,-1.50486380e-01,-1.55376375e-01,-3.37622464e-02,
  -2.60362178e-01,-1.91842437e+00,-1.67379379e-01,-1.86910659e-01,
  -2.72256255e-01,-1.26242131e-01,-7.85813946e-03,-1.24588840e-01,
  -1.66886687e-01,-1.89613625e-01,-6.16238229e-02,-3.62108126e-02,
  -1.98298529e-01,-1.78407077e-02,-2.16687426e-01,-2.36783281e-01,
  -3.05708107e-02, 6.32776618e-02,-1.32485062e-01,-2.14464158e-01,
   2.25694422e-02, 2.86086500e-02,-1.29524304e-03,-2.99427211e-01],
 [ 2.42943875e-02,-1.06884196e-01,-4.84690331e-02,-1.08926907e-01,
  -2.90313035e-01,-1.44307107e-01, 4.50232029e-01,-2.37938553e-01,
  -6.51060462e-01,-7.49277696e-02,-3.02046001e-01,-8.56811181e-02,
  -6.98524788e-02,-4.84758914e-01,-3.61704439e-01,-1.96247384e-01,
  -2.30543330e-01,-1.93656355e-01,-1.90526903e-01,-2.96381097e-02,
  -2.64808536e-01,-3.34752887e-01,-2.22491533e-01,-2.72729039e-01,
  -3.11281890e-01, 6.36944652e-01,-1.85791254e-01,-3.40224266e-01,
  -1.66447595e-01, 1.80718809e-01,-1.68123201e-01,-1.02959156e-01],
 [-2.65233338e-01,-1.01065859e-01,-1.04955710e-01,-1.11084849e-01,
   1.15930930e-01,-1.30778372e-01, 4.16268893e-02, 7.87413155e-04,
  -5.15590370e-01,-1.94952026e-01,-4.01933402e-01,-1.30211189e-01,
  -4.53353733e-01,-3.55125606e-01,-5.73144498e-05,-1.43567443e-01,
  -2.19714731e-01,-2.12842315e-01,-1.50276452e-01,-1.65593892e-01,
  -1.91719681e-01,-4.31550480e-02,-1.87059537e-01,-2.42762461e-01,
  -2.10702747e-01, 4.99051839e-01,-6.17593288e-01,-3.20765585e-01,
  -1.02612436e-01, 1.18625835e-02,-1.39533266e-01,-1.87801927e-01],
 [-2.40959451e-01,-3.27746689e-01,-3.32801417e-02,-2.54549921e-01,
  -1.03004277e+00,-1.39936820e-01, 1.04221009e-01,-3.25897075e-02,
   9.14083049e-02,-1.48265541e-01, 4.53264825e-02,-2.08033726e-01,
  -2.02158093e-01, 7.18018562e-02,-5.53911813e-02,-1.85070097e-01,
  -1.94299281e-01,-2.56798565e-01,-6.19179420e-02,-2.92903244e-01,
  -1.67409360e-01,-5.79151325e-02,-1.84065565e-01,-2.67441362e-01,
  -1.76335484e-01,-1.56054899e-01,-7.81825185e-02,-3.97085905e-01,
  -1.33035006e-02,-3.54038268e-01,-1.70275688e-01,-2.10177675e-01],
 [-2.42247447e-01,-3.01347852e-01,-1.03420548e-01,-4.64175753e-02,
  -9.73434448e-01,-1.83577046e-01, 1.92892589e-02,-5.12368858e-01,
   1.27938747e-01,-2.28381783e-01,-5.61195146e-03,-1.49485111e-01,
   1.88698769e-01,-6.37488291e-02,-1.84748501e-01,-1.69010267e-01,
  -1.83278605e-01,-2.65203953e-01,-8.66176635e-02,-2.59260479e-02,
  -1.45782739e-01,-7.70860016e-02,-2.23383322e-01,-2.54306763e-01,
  -2.02068955e-01,-1.62134945e-01,-1.92588151e-01,-2.60034859e-01,
  -9.48424730e-03,-3.20114493e-01, 5.82802296e-02,-2.83450812e-01],
 [-3.82849686e-02,-1.83145136e-01,-1.27713725e-01, 3.86558324e-02,
  -1.08817995e+00,-2.04042479e-01, 1.10434242e-01,-2.34606951e-01,
   7.62385949e-02,-3.11358184e-01,-2.90428042e-01,-1.53712839e-01,
  -3.68924171e-01, 7.49285668e-02,-9.80216563e-02,-1.78583324e-01,
  -3.56465764e-02,-2.35218450e-01,-1.34082600e-01, 7.72184730e-02,
  -1.60827473e-01,-1.78592965e-01,-2.00598314e-01,-2.17046693e-01,
  -2.00758249e-01,-2.46571973e-01,-6.33170605e-02,-9.88934338e-02,
  -4.06451821e-02, 1.12555467e-01,-4.52809691e-01,-3.00991595e-01],
 [ 1.55822523e-02,-2.19045371e-01,-1.35834873e-01, 1.59476832e-01,
  -4.54419523e-01,-2.23234087e-01,-3.21779907e-01,-9.68590856e-01,
   1.01256050e-01,-2.79240936e-01,-2.04698041e-01,-4.97839339e-02,
  -1.04985107e-02,-2.24931136e-01,-1.24978395e-02,-2.37057030e-01,
  -2.01209709e-01,-2.54026920e-01,-1.85507506e-01,-1.36250660e-01,
  -1.52473226e-01,-2.06508502e-01,-2.40032375e-01,-1.81821391e-01,
  -1.86667845e-01,-2.49391366e-02, 1.61955785e-02,-6.27287701e-02,
  -2.12531939e-01, 2.38353208e-01,-1.42065048e-01,-1.83481216e-01],
 [-2.11885944e-01,-1.90851614e-01,-1.02583036e-01,-4.17173892e-01,
  -2.09119827e-01,-8.23362097e-02,-2.20904872e-01,-4.11106080e-01,
  -2.02255428e-01, 5.33359963e-03,-5.09112254e-02,-1.71649620e-01,
  -9.73335326e-01, 2.53129125e-01, 1.34764135e-01,-1.92189172e-01,
  -1.73327148e-01,-1.15191728e-01,-1.75787941e-01,-1.26673102e-01,
  -3.40585738e-01,-9.74964276e-02,-2.18511447e-01,-1.98188126e-01,
  -1.63943410e-01, 1.51395753e-01,-2.99381584e-01, 2.37243949e-03,
  -3.62666249e-02,-1.13045216e-01,-3.03254336e-01,-1.80081770e-01],
 [-8.25321674e-02,-2.88368315e-01,-1.04919180e-01,-4.24077362e-01,
   8.64748061e-02,-1.22015394e-01,-4.88472044e-01,-1.15289330e+00,
  -6.36623204e-02, 2.75931004e-02,-1.72247499e-01,-2.36455053e-01,
  -1.64077118e-01,-6.18531555e-02, 1.64864510e-01,-1.26937002e-01,
  -1.67425141e-01,-1.67086914e-01,-9.96043012e-02,-3.67394686e-02,
  -2.07511067e-01,-1.04967743e-01,-2.20812351e-01,-2.62009025e-01,
  -1.96143817e-02,-7.58469105e-02,-1.69781014e-01,-1.46493658e-01,
   4.14540395e-02,-1.01750307e-01, 2.16588862e-02,-2.45510325e-01],
 [-2.91172653e-01, 2.22443342e-02,-1.24789499e-01,-3.51781279e-01,
  -3.50645930e-02,-1.45501807e-01,-2.99629606e-02,-5.23580909e-01,
  -6.95291340e-01, 2.22768839e-02,-1.82273299e-01,-3.05725217e-01,
  -5.10180652e-01, 1.84738368e-01,-9.55323651e-02,-8.19500983e-02,
  -1.70803443e-01,-8.51495042e-02,-4.91796657e-02, 4.79246899e-02,
  -3.21230739e-01, 1.71301030e-02,-6.98789284e-02,-2.88696170e-01,
  -1.01280607e-01,-3.45617533e-01,-1.64300650e-01,-2.90890008e-01,
   3.23749594e-02,-8.81573036e-02,-7.10693002e-02,-2.02762946e-01],
 [-1.04129143e-01,-9.67242941e-02,-8.97187069e-02,-1.81716606e-02,
   8.95200074e-02,-2.33430311e-01,-6.89945221e-02,-8.30539823e-01,
  -7.37715423e-01,-2.15821803e-01,-2.58810461e-01,-3.49648476e-01,
   1.18765704e-01,-7.33143166e-02,-1.85260460e-01,-1.23053066e-01,
  -2.56279022e-01,-1.74554944e-01,-1.02313511e-01, 8.15969855e-02,
  -1.53345540e-01,-1.90096840e-01,-1.44676507e-01,-3.30685198e-01,
  -1.59858093e-01,-4.64394659e-01,-1.32742241e-01,-1.60241708e-01,
  -4.45202105e-02, 1.95766166e-01, 9.54302866e-03,-2.36533940e-01],
 [-1.55660650e-03,-1.48202777e-01,-1.61977008e-01,-3.88414972e-02,
  -1.10943532e+00,-1.89212531e-01,-2.87622243e-01,-6.15698881e-02,
  -2.53724009e-01,-1.78725943e-01,-1.57687306e-01,-1.55038446e-01,
   5.94936945e-02,-1.28294423e-01,-2.06505343e-01,-1.20710120e-01,
  -1.22862570e-01,-2.74756879e-01,-1.29535690e-01,-9.59722817e-01,
  -1.61091343e-01,-1.66117758e-01,-1.71742663e-01,-2.12958068e-01,
  -2.30995238e-01,-1.54849216e-01,-7.67634809e-02,-2.82906555e-02,
  -6.31740764e-02, 1.33810207e-01, 1.13244221e-01,-3.10007215e-01],
 [-2.09796250e-01,-2.88900614e-01,-9.90778729e-02,-5.46364903e-01,
  -9.31253791e-01,-6.35414422e-02,-4.18591499e-01, 1.96563497e-01,
  -1.00131243e-01,-1.18867464e-01,-2.54948378e-01,-1.57136559e-01,
  -2.06448093e-01, 4.96192798e-02, 5.87305427e-02,-1.02882847e-01,
  -1.61367446e-01,-1.92065731e-01,-1.11613974e-01,-1.40438274e-01,
  -2.09791243e-01,-7.91477785e-02,-2.34856948e-01,-3.39507133e-01,
  -8.49137902e-02,-1.84082627e-01,-5.85625648e-01, 9.31378677e-02,
  -2.58845259e-02,-3.57865877e-02, 9.10078362e-02,-2.42408410e-01],
 [-6.92691281e-02,-3.74653250e-01,-9.97704491e-02,-2.45079845e-01,
  -7.67146707e-01,-5.68149351e-02,-6.21932566e-01,-1.61681443e-01,
  -1.40245453e-01,-3.62041028e-04,-2.49771759e-01,-1.09991595e-01,
   6.28103614e-02,-3.46984774e-01, 6.19929843e-02,-1.59346491e-01,
   9.03511792e-02,-2.25428388e-01,-1.67607546e-01,-2.67707139e-01,
  -1.73085198e-01, 2.63158157e-02,-2.84907579e-01,-2.76381165e-01,
  -1.22482225e-01, 9.64554101e-02,-3.22767943e-01,-1.45922095e-01,
  -1.40714958e-01,-2.77275264e-01, 8.34907070e-02,-6.59404472e-02],
 [-1.63700208e-01,-1.77105457e-01,-1.41954005e-01,-1.65619016e-01,
  -5.74813962e-01,-1.22773081e-01,-5.27565479e-01, 1.04356058e-01,
   3.70598957e-02,-4.50816639e-02,-3.03212106e-01,-8.66986513e-02,
  -9.64818835e-01,-2.03964144e-01,-4.05463167e-02,-1.40075654e-01,
  -9.34241191e-02,-1.84263095e-01,-1.77421793e-01, 1.03840739e-01,
  -1.78210020e-01, 1.22421905e-02,-1.80026919e-01,-2.19687074e-01,
  -1.55765459e-01,-1.55642241e-01,-1.80949703e-01,-2.80224442e-01,
  -1.67948231e-01,-5.12816086e-02, 7.53960833e-02,-1.81042641e-01],
 [-7.69154876e-02,-2.12886602e-01,-1.09938115e-01,-1.53521255e-01,
  -1.08762205e-01,-1.32116750e-01,-9.83415484e-01,-2.72394598e-01,
  -1.01282485e-01,-2.10957080e-01,-2.14199740e-02,-1.42613292e-01,
  -4.07613873e-01, 5.06511405e-02,-2.62154222e-01,-2.19427049e-01,
  -1.54168248e-01,-2.13911593e-01,-1.06156424e-01,-3.00365657e-01,
  -1.89240828e-01, 4.67739776e-02,-2.55885750e-01,-2.11331531e-01,
  -2.20039964e-01, 2.44417954e-02, 3.51837426e-02,-2.08497509e-01,
  -1.05653100e-01,-1.50413200e-01, 2.34104648e-01,-2.99219906e-01],
 [-1.47061199e-01,-6.56739529e-03,-1.72030449e-01, 7.35140294e-02,
  -2.08488032e-01,-2.51142710e-01,-4.00241733e-01,-6.82281777e-02,
  -4.56606895e-01,-2.80863732e-01,-1.01282597e-01,-2.16467500e-01,
  -1.11499906e+00, 7.67729953e-02,-2.04562411e-01,-1.47026509e-01,
  -2.14153975e-01,-1.85216054e-01,-1.39516845e-01,-2.59447664e-01,
  -1.86039343e-01,-2.48448983e-01,-7.96588287e-02,-1.25090688e-01,
  -1.98888451e-01,-1.64044142e-01,-5.69365099e-02,-1.91189915e-01,
  -1.26490608e-01, 3.95834059e-01, 7.55218714e-02,-3.12806904e-01],
 [ 3.20504010e-02,-7.47109577e-02,-1.59625888e-01,-9.81970876e-02,
  -6.08545430e-02,-1.32430330e-01,-3.11302602e-01,-2.52233595e-01,
  -8.81114185e-01,-1.48393854e-01,-1.55473113e-01,-1.55995801e-01,
  -1.38186634e-01,-1.26598299e-01,-7.94159323e-02,-1.78448409e-01,
  -1.15334339e-01,-2.13873029e-01,-1.33682370e-01,-8.18867266e-01,
  -1.72448948e-01,-9.45870653e-02,-2.06433013e-01,-2.57597208e-01,
  -2.15662122e-01, 1.90236077e-01, 7.94999823e-02,-5.42755127e-01,
  -7.85306543e-02, 1.02469765e-01, 9.54727381e-02,-2.81539619e-01],
 [-1.90826580e-01,-1.10347243e-03,-1.52362794e-01,-2.14809760e-01,
  -5.32197207e-02,-1.22375078e-01,-2.62671828e-01, 8.00542757e-02,
  -1.00144243e+00,-8.87608156e-02,-1.79316983e-01,-1.20969653e-01,
  -3.65298390e-01, 8.05139542e-02, 2.58827731e-02,-1.22510843e-01,
  -1.87240824e-01,-2.22106054e-01,-2.83837095e-02,-3.90290737e-01,
  -1.76997259e-01,-1.57207429e-01,-5.12521006e-02,-2.50779241e-01,
  -8.95781219e-02,-1.52794093e-01,-7.65228152e-01,-5.62832952e-01,
  -7.01096132e-02, 1.56317666e-01,-3.11132781e-02,-2.14032635e-01],
 [-6.16609514e-01,-2.82243580e-01,-1.38222471e-01,-4.03726906e-01,
  -9.47440207e-01,-8.31431746e-02,-3.19843501e-01, 1.00775808e-01,
  -1.72509849e-01,-8.23417976e-02,-1.38857782e-01,-1.96878329e-01,
  -1.94826812e-01, 3.03371660e-02,-2.56863963e-02,-1.06875606e-01,
  -3.39020491e-01,-3.26125562e-01,-6.65463880e-02,-3.80324006e-01,
  -1.93990886e-01,-7.14134648e-02,-2.18490079e-01,-2.86225975e-01,
  -1.00509748e-01,-2.44008619e-02,-7.96342865e-02,-1.27698988e-01,
  -2.57170461e-02, 1.05934240e-01,-2.89157063e-01,-2.29549125e-01],
 [-6.63002431e-01,-2.91856319e-01,-1.63018927e-01,-2.55328029e-01,
  -8.55119109e-01,-8.20840448e-02,-5.12040019e-01,-1.09110698e-01,
  -1.28674090e-01,-9.93004888e-02,-1.78493932e-01,-1.68791920e-01,
   2.18306571e-01,-2.24790528e-01, 1.88676137e-02,-1.28597960e-01,
  -3.28466713e-01,-3.26436043e-01,-9.17816535e-02,-1.35596052e-01,
  -1.80347398e-01,-4.55998853e-02,-2.32604116e-01,-2.42230996e-01,
  -1.08341388e-01,-4.27275151e-02,-2.05594033e-01,-1.36292458e-01,
  -5.05986437e-02,-1.08362176e-01, 6.18548738e-03,-1.11428373e-01],
 [-2.70512283e-01,-1.91316009e-01,-1.16930023e-01,-2.38413334e-01,
  -6.90372765e-01,-1.27544627e-01,-6.53538525e-01, 1.19449027e-01,
  -2.91615665e-01,-8.71862993e-02,-2.18955696e-01,-1.93602830e-01,
  -2.39238247e-01,-6.61664605e-02,-4.91383411e-02,-7.08226264e-02,
   5.92019148e-02,-1.81439206e-01,-1.12844899e-01,-6.65283501e-02,
  -1.47931218e-01,-1.17546737e-01,-1.79772213e-01,-2.04152226e-01,
  -9.84224081e-02,-1.57404840e-01,-1.56676829e-01,-9.04147997e-02,
  -7.37251118e-02, 2.51270533e-02,-5.99558532e-01,-2.13067561e-01],
 [-1.09029613e-01,-1.53144374e-01,-1.16824374e-01,-2.23615561e-02,
  -3.62166792e-01,-1.60121933e-01,-9.32364404e-01,-2.64307141e-01,
  -3.21204782e-01,-2.15353146e-01,-1.61391944e-01, 1.26534492e-01,
   1.08185366e-01,-2.28585124e-01,-1.29773423e-01,-1.89718112e-01,
  -2.75495470e-01,-1.89400688e-01,-1.99439555e-01, 6.72115535e-02,
  -1.21043161e-01,-7.03488514e-02,-2.05032393e-01,-1.95658684e-01,
  -1.70725927e-01,-4.15783599e-02,-1.06022306e-01,-1.92774385e-01,
  -1.90079287e-01, 9.25863087e-02,-2.78380960e-01,-2.44988680e-01],
 [-1.24658160e-01,-2.17463285e-01,-1.24549143e-01,-2.07698345e-01,
  -1.70858428e-01,-1.33220613e-01,-8.60582530e-01, 1.18700586e-01,
  -5.17642975e-01,-1.80763200e-01,-1.63027495e-01,-1.90399855e-01,
  -4.53515768e-01, 1.34983258e-02,-7.60676898e-03,-1.96405217e-01,
  -2.33084276e-01,-2.08451495e-01,-9.14698020e-02,-1.30543467e-02,
  -2.98849434e-01,-4.18422744e-02,-2.17422307e-01,-1.84619233e-01,
  -1.99736595e-01,-1.25453874e-01,-8.48294348e-02, 5.64748654e-03,
  -5.23848878e-03,-9.35558081e-02,-3.31841320e-01,-1.84916496e-01],
 [-1.72333986e-01,-1.84459165e-01,-1.38614044e-01,-7.58365244e-02,
  -1.53193250e-01,-1.32113174e-01,-8.29681098e-01,-2.95758367e-01,
  -5.45872390e-01,-8.16649720e-02,-3.36311571e-02,-1.05751336e-01,
  -1.35546708e-02,-1.48452461e-01,-6.39493912e-02,-1.59507990e-01,
  -3.90435606e-01,-2.86193669e-01,-4.89751734e-02,-2.92678010e-02,
  -1.44667611e-01,-1.11104451e-01,-1.89917445e-01,-1.56912237e-01,
  -1.42353669e-01, 4.30584140e-02,-1.59539238e-01,-3.77445281e-01,
  -7.84555003e-02,-1.38477534e-01,-1.83744863e-01,-2.10963160e-01],
 [-4.50894326e-01,-1.44462839e-01,-3.09230655e-01,-2.07275525e-01,
  -1.60271570e-01,-1.72462001e-01,-4.63942617e-01, 9.21701193e-02,
  -1.32633960e+00,-1.64343715e-01,-1.26115859e-01,-3.43404472e-01,
  -2.23244980e-01, 1.26468405e-01,-5.83395660e-02,-9.21165645e-02,
  -1.69228807e-01,-4.50717956e-01,-1.18444324e-01,-7.99213443e-03,
  -1.42480269e-01,-3.52002457e-02,-7.71436393e-02,-1.93766356e-01,
  -1.57297820e-01,-2.10698619e-01,-1.88817859e-01,-6.13664649e-03,
  -3.39696221e-02,-1.01784267e-01,-1.99766010e-01,-2.10474074e-01],
 [-5.88214815e-01,-1.42324671e-01,-1.33393332e-01, 4.44977246e-02,
  -1.64663941e-01,-1.91125557e-01,-3.83249760e-01,-2.31936887e-01,
  -1.43397176e+00,-1.79637685e-01,-2.68457532e-01,-5.06818518e-02,
   1.27547190e-01,-2.34957770e-01,-5.44346720e-02,-1.51706129e-01,
  -3.87573570e-01,-2.19762698e-01,-1.10550746e-01,-3.13048698e-02,
  -1.78805560e-01,-1.85085326e-01,-1.31509632e-01,-2.21118614e-01,
  -1.74979791e-01,-1.60768017e-01,-4.27075885e-02,-2.51224309e-01,
  -4.32266779e-02,-5.41628711e-03, 1.01668043e-02,-2.37861708e-01]]
