    [
       -88,    -59,    114,   -124,    -90,     13,   -116,    -21, 
       -38,     45,    -47,    -82,    152,    -34,    -58,    -14, 
        60,    -57,      7,   -105,    -20,     25,    121,   -147, 
        80,    -29,     14,     46,    -42,     -6,      3,     95, 
       -63,    -43,     -1,    -39,     10,   -161,   -175,    -95, 
        43,   -101,    -80,    157,    -83,     62,    -46,    -77, 
       -89,     81,     27,    -46,    -62,    -37,    -53,      0, 
       -19,    -34,    -35,    -66,    -89,   -121,    -33,    -28, 
    
       -42,    -16,   -167,     16,   -142,   -137,    -32,    -52, 
        94,    -69,    -17,   -101,   -121,     27,    -43,    -25, 
        -6,     23,    -87,   -108,     23,    -13,    -46,    -92, 
      -117,    -81,    -51,    -54,    142,   -136,   -126,    -11, 
      -140,   -200,   -119,     -3,   -102,     -7,   -117,    -18, 
       -69,    -55,   -104,    -21,    -85,    -84,      9,    -32, 
        -1,   -127,    -52,   -194,    -34,     61,    -92,   -170, 
       -87,    -59,     23,    -19,     35,    -30,    -27,    -90, 
    
         0,   -109,     -8,    -13,    -64,   -166,     71,    -27, 
       -33,   -125,    -58,   -104,    -87,      4,   -116,    -16, 
       100,      5,    -27,      5,   -228,    -19,    -36,    133, 
      -100,    -68,     -4,    -58,    -81,    -43,   -157,   -108, 
        38,    -40,    -52,    -58,    -49,    -77,    -33,    -11, 
       -13,     -4,    -53,   -167,    -48,    -77,    -87,      0, 
        50,    -34,      8,   -112,    -90,    -33,    -50,    -26, 
       -74,    -11,   -207,    -70,     -1,     73,     -4,    -10, 
    
         8,     76,    -33,    -49,   -121,    -13,    -77,     21, 
      -104,     69,      0,     -1,    -18,    -59,    167,    -82, 
        25,     43,     -8,      9,     -8,   -281,    -55,     14, 
       -87,      3,    -24,     30,     59,   -159,    -18,     23, 
      -157,    -20,    -70,    -76,    -63,     23,   -136,    -31, 
         5,   -101,     -2,    -33,   -107,    -45,    -41,    -63, 
       -70,    -51,   -179,   -141,    -11,     11,    -10,   -184, 
         4,     -6,   -140,     -8,   -164,    -87,     -8,     12, 
    
       -94,   -164,    -18,     -1,   -103,     25,    -48,    -72, 
      -188,   -155,    -46,    -19,   -197,    -86,   -133,   -159, 
       -90,     88,    -46,     52,     33,    -65,    -50,      1, 
       -88,    -43,     -6,    -88,    126,   -121,   -149,    -21, 
       -13,   -171,    -47,    -21,    -30,   -117,    -84,     31, 
      -114,     -1,    -80,    -53,    -21,   -135,     74,     74, 
      -201,    -10,    -10,    -29,    -86,   -179,    -88,    -73, 
       -78,   -184,   -130,    -68,    -21,   -165,   -151,    -56, 
    
      -133,   -109,     -9,    -57,     87,   -169,    -59,     -1, 
       -19,    -14,    -30,     72,    -14,   -107,    -28,    -66, 
       -49,    -41,    -85,    -36,     -8,    -51,    -93,    -49, 
        22,     87,    -52,    -52,    -71,     19,    170,    -18, 
      -112,    -13,      2,    -76,     31,      0,    -47,    -72, 
       -13,    -38,     38,     45,   -160,    -83,    -81,    -32, 
        26,    120,   -128,     43,    -60,   -164,      8,   -142, 
       -48,    -85,   -111,     70,    -16,     -5,   -166,    -90, 
    
    ]
