[
    [
        56,     98,    -38,     13,   -120,    -32,    -20,    -46, 
        15,     63,     11,     78,    -92,    -36,    -26,    -45, 
        13,    -12,     12,    -12,    -48,     42,    -13,     12, 
        67,    -11,   -236,    -88,     14,     28,    -34,     14, 
        51,     16,     59,    -18,    215,     12,     13,     18, 
       -82,    -28,    -45,     43,    -19,     13,    -86,     37, 
        13,     11,    -43,     15,     13,     44,   -276,   -220, 
       -27,     11,    -29,    -26,     17,   -270,    -23,     27, 
    
       -35,    238,     20,     14,     12,     30,    -14,     24, 
        13,     15,    -12,   -364,     21,     33,     16,     84, 
        33,    256,     11,    143,    -22,    -25,     18,    -12, 
        50,    -33,    119,    -61,     29,    -42,     71,   -300, 
        22,    -29,    355,     27,    -38,    -14,    -17,     39, 
       252,   -127,     43,    -18,    -48,    -18,    -14,   -367, 
        12,    -14,     36,     29,   -366,     32,    230,     34, 
       -17,   -113,    -16,    -12,    -21,     89,     12,    -24, 
    
        29,    -19,    -84,    410,     16,     16,     28,   -129, 
        17,    -51,    -28,    158,    -20,    -31,    160,   -209, 
        80,     41,    -20,   -210,     25,     74,     13,     36, 
       -18,    -18,    -77,    -38,    -31,    -99,    -29,     35, 
       -15,   -231,    -27,    -22,    -24,   -268,    -19,     35, 
        62,     13,     13,    -17,     36,     11,    -51,    -59, 
        32,    -15,    101,     14,    -28,     13,     17,    -28, 
       -17,    -82,    -67,     73,    -17,    -89,     36,    -30, 
    
       -88,    -31,    -24,    -94,     31,    -26,     13,    -18, 
       -15,    -11,    -34,     26,     24,    -51,    -21,     13, 
       -67,    -26,     14,    -20,    220,    -18,     77,     43, 
        30,    -13,     15,     38,     15,   -381,    -12,     24, 
       -23,    -74,    -56,     12,    -21,    -10,     19,    -37, 
       -11,    -15,     23,     11,     13,     16,     23,     22, 
      -342,    -23,     12,     36,     17,    -20,    -46,    -14, 
        50,     44,     56,     11,    -18,    -22,    -54,     21, 
    
        13,     15,    -43,    -41,     21,   -364,    -14,     13, 
        42,    -28,     14,     52,     12,    -11,    221,    -22, 
        25,   -531,    -12,    -21,   -100,     35,    -20,    -13, 
       -15,     15,    -24,    120,    -33,    110,    -36,     23, 
        26,     34,    -16,    -39,     22,     31,    -34,    -14, 
       336,    -12,   -179,    -40,    338,    -28,     26,     12, 
        17,     28,    -12,    -41,    303,    -18,     17,     17, 
       -30,    -14,   -227,     18,    -12,     18,    -32,     26, 
    
       -11,    -74,    -37,     25,     14,     81,     89,     12, 
       -15,    -21,     13,     24,     29,    -14,    -46,     28, 
       -11,     24,    -58,     14,    -16,    -16,     39,     12, 
       -27,     21,    -13,    106,   -129,    -33,    -87,    298, 
       -49,    235,    -31,    -23,     17,    -12,    375,     23, 
        28,   -230,    -13,   -380,     19,     37,    -73,     20, 
       -28,    -14,     35,    -78,     69,    -16,    -12,     14, 
        13,   -168,     27,     18,    -11,     28,    -91,    -16, 
    
       -25,    680,    539,     26,    -33,     33,    -30,     15, 
        12,    -14,    -74,    -42,    -11,    197,    281,   -131, 
      -114,     14,     22,     12,     38,     26,    -81,     29, 
        15,     11,     21,    232,    -25,    -28,    -38,    -22, 
       -16,    -12,     16,    -60,    -23,     23,     12,     15, 
       -13,     20,     18,    -21,     29,    346,     49,    -21, 
       103,     22,    -15,    -40,    -66,    -70,    -33,     46, 
       -15,     18,     29,     17,     16,    191,    -12,    409, 
    
    ]
,]
